-9.000000000000000222e-01
-9.000000000000000222e-01
-2.999999999999999889e-01
-2.999999999999999889e-01
-9.000000000000000222e-01
5.999999999999999778e-01
5.999999999999999778e-01
-9.000000000000000222e-01
-2.999999999999999889e-01
9.000000000000000222e-01
-5.999999999999999778e-01
-5.999999999999999778e-01
9.000000000000000222e-01
-2.999999999999999889e-01
0.000000000000000000e+00
0.000000000000000000e+00
-5.999999999999999778e-01
0.000000000000000000e+00
9.000000000000000222e-01
2.999999999999999889e-01
2.999999999999999889e-01
-2.999999999999999889e-01
2.999999999999999889e-01
9.000000000000000222e-01
0.000000000000000000e+00
9.000000000000000222e-01
-2.999999999999999889e-01
5.999999999999999778e-01
-2.999999999999999889e-01
-9.000000000000000222e-01
-9.000000000000000222e-01
-2.999999999999999889e-01
-2.999999999999999889e-01
-9.000000000000000222e-01
5.999999999999999778e-01
5.999999999999999778e-01
-9.000000000000000222e-01
-2.999999999999999889e-01
9.000000000000000222e-01
-5.999999999999999778e-01
-5.999999999999999778e-01
9.000000000000000222e-01
-2.999999999999999889e-01
0.000000000000000000e+00
0.000000000000000000e+00
-5.999999999999999778e-01
0.000000000000000000e+00
9.000000000000000222e-01
2.999999999999999889e-01
2.999999999999999889e-01
-2.999999999999999889e-01
2.999999999999999889e-01
9.000000000000000222e-01
0.000000000000000000e+00
9.000000000000000222e-01
-2.999999999999999889e-01
5.999999999999999778e-01
-2.999999999999999889e-01
