-3.540039062500000000e-03
-7.934570312500000000e-04
-1.007080078125000000e-03
2.624511718750000000e-03
-5.035400390625000000e-03
5.432128906250000000e-03
-2.136230468750000000e-03
4.608154296875000000e-03
-1.022338867187500000e-02
1.712036132812500000e-02
-8.789062500000000000e-03
6.439208984375000000e-03
-1.193237304687500000e-02
1.123046875000000000e-02
-3.433227539062500000e-02
-7.720947265625000000e-02
-2.528991699218750000e-01
-2.264099121093750000e-01
-4.022216796875000000e-02
-1.539916992187500000e-01
-1.567077636718750000e-01
-1.112670898437500000e-01
-4.891967773437500000e-02
7.257080078125000000e-02
2.652587890625000000e-01
5.278015136718750000e-01
7.257690429687500000e-01
1.610412597656250000e-01
8.270263671875000000e-03
5.643615722656250000e-01
7.895202636718750000e-01
7.524414062500000000e-01
7.225341796875000000e-01
6.815185546875000000e-01
6.696472167968750000e-01
5.335693359375000000e-01
4.563903808593750000e-01
5.325012207031250000e-01
3.158874511718750000e-01
1.707763671875000000e-01
-8.197021484375000000e-02
-3.623962402343750000e-01
-7.352905273437500000e-01
-9.981994628906250000e-01
-9.900207519531250000e-01
-9.384460449218750000e-01
-9.110107421875000000e-01
-8.869323730468750000e-01
-8.471984863281250000e-01
-8.160095214843750000e-01
-7.745971679687500000e-01
-7.781372070312500000e-01
-7.335510253906250000e-01
-7.096252441406250000e-01
-6.640319824218750000e-01
-6.383972167968750000e-01
-6.011047363281250000e-01
-5.844726562500000000e-01
-5.429687500000000000e-01
-5.121765136718750000e-01
-4.586486816406250000e-01
-2.361145019531250000e-01
2.835083007812500000e-02
2.794494628906250000e-01
4.989318847656250000e-01
7.102661132812500000e-01
9.045410156250000000e-01
9.999694824218750000e-01
9.921875000000000000e-01
9.567565917968750000e-01
8.784484863281250000e-01
8.366088867187500000e-01
8.405761718750000000e-01
8.036804199218750000e-01
7.462463378906250000e-01
6.263122558593750000e-01
5.039672851562500000e-01
3.588867187500000000e-01
2.168273925781250000e-01
4.760742187500000000e-02
-1.016845703125000000e-01
-2.588806152343750000e-01
-4.013671875000000000e-01
-5.552062988281250000e-01
-6.787719726562500000e-01
-8.020935058593750000e-01
-8.410949707031250000e-01
-8.355102539062500000e-01
-6.880493164062500000e-01
-5.771484375000000000e-01
-6.264343261718750000e-01
-5.600585937500000000e-01
-4.923706054687500000e-01
-3.941040039062500000e-01
-3.030090332031250000e-01
-1.933288574218750000e-01
-8.132934570312500000e-02
5.389404296875000000e-02
1.793823242187500000e-01
3.074035644531250000e-01
4.341125488281250000e-01
5.571899414062500000e-01
6.595458984375000000e-01
7.541503906250000000e-01
8.395996093750000000e-01
8.987426757812500000e-01
8.855590820312500000e-01
8.482360839843750000e-01
8.137817382812500000e-01
7.683410644531250000e-01
7.279052734375000000e-01
6.711425781250000000e-01
6.542053222656250000e-01
5.804443359375000000e-01
4.941711425781250000e-01
3.930969238281250000e-01
2.937927246093750000e-01
1.896057128906250000e-01
7.955932617187500000e-02
-4.058837890625000000e-02
-1.593627929687500000e-01
-2.731323242187500000e-01
-3.908386230468750000e-01
-4.954528808593750000e-01
-5.926208496093750000e-01
-6.821899414062500000e-01
-7.648010253906250000e-01
-8.384399414062500000e-01
-8.906250000000000000e-01
-9.146728515625000000e-01
-8.953247070312500000e-01
-8.528137207031250000e-01
-8.137817382812500000e-01
-7.108764648437500000e-01
-6.553344726562500000e-01
-6.121826171875000000e-01
-5.400390625000000000e-01
-4.637145996093750000e-01
-3.817443847656250000e-01
-2.983398437500000000e-01
-2.108459472656250000e-01
-1.189575195312500000e-01
-2.282714843750000000e-02
6.875610351562500000e-02
1.599121093750000000e-01
2.459106445312500000e-01
3.318176269531250000e-01
4.106445312500000000e-01
4.839172363281250000e-01
5.510253906250000000e-01
6.143493652343750000e-01
6.687011718750000000e-01
7.169494628906250000e-01
7.522277832031250000e-01
7.743530273437500000e-01
7.850036621093750000e-01
7.861633300781250000e-01
7.742309570312500000e-01
7.596130371093750000e-01
7.278442382812500000e-01
6.949768066406250000e-01
5.836486816406250000e-01
4.711608886718750000e-01
4.367065429687500000e-01
3.780212402343750000e-01
3.146057128906250000e-01
2.405395507812500000e-01
1.657714843750000000e-01
8.215332031250000000e-02
-3.906250000000000000e-03
-9.362792968750000000e-02
-1.824645996093750000e-01
-2.649230957031250000e-01
-3.451538085937500000e-01
-4.202575683593750000e-01
-4.905395507812500000e-01
-5.536499023437500000e-01
-6.156921386718750000e-01
-6.700439453125000000e-01
-7.199096679687500000e-01
-7.579040527343750000e-01
-7.900085449218750000e-01
-8.082580566406250000e-01
-8.106384277343750000e-01
-8.042602539062500000e-01
-7.893066406250000000e-01
-7.689514160156250000e-01
-7.403564453125000000e-01
-7.096557617187500000e-01
-6.696472167968750000e-01
-6.159362792968750000e-01
-5.146179199218750000e-01
-4.255065917968750000e-01
-3.833923339843750000e-01
-3.254394531250000000e-01
-2.635498046875000000e-01
-1.966552734375000000e-01
-1.266479492187500000e-01
-5.102539062500000000e-02
2.536010742187500000e-02
1.011962890625000000e-01
1.744079589843750000e-01
2.470092773437500000e-01
3.142089843750000000e-01
3.779296875000000000e-01
4.389953613281250000e-01
4.922180175781250000e-01
5.435485839843750000e-01
5.887145996093750000e-01
6.300354003906250000e-01
6.646728515625000000e-01
6.933288574218750000e-01
7.154541015625000000e-01
7.334899902343750000e-01
7.418518066406250000e-01
7.424621582031250000e-01
7.352294921875000000e-01
7.196960449218750000e-01
6.981506347656250000e-01
6.721496582031250000e-01
6.413269042968750000e-01
6.071472167968750000e-01
5.711059570312500000e-01
5.319519042968750000e-01
4.909667968750000000e-01
4.469604492187500000e-01
4.001770019531250000e-01
3.348693847656250000e-01
2.625427246093750000e-01
2.159118652343750000e-01
1.717834472656250000e-01
1.189270019531250000e-01
6.182861328125000000e-02
9.155273437500000000e-04
-6.057739257812500000e-02
-1.251525878906250000e-01
-1.886596679687500000e-01
-2.503356933593750000e-01
-3.083801269531250000e-01
-3.638916015625000000e-01
-4.160156250000000000e-01
-4.643859863281250000e-01
-5.082397460937500000e-01
-5.476379394531250000e-01
-5.831298828125000000e-01
-6.137390136718750000e-01
-6.393127441406250000e-01
-6.611633300781250000e-01
-6.772155761718750000e-01
-6.895446777343750000e-01
-6.976013183593750000e-01
-7.013244628906250000e-01
-6.990051269531250000e-01
-6.915283203125000000e-01
-6.773681640625000000e-01
-6.582031250000000000e-01
-6.343383789062500000e-01
-6.062927246093750000e-01
-5.761413574218750000e-01
-5.433044433593750000e-01
-5.087890625000000000e-01
-4.718017578125000000e-01
-4.348449707031250000e-01
-3.945922851562500000e-01
-3.478393554687500000e-01
-2.804870605468750000e-01
-2.138671875000000000e-01
-1.675720214843750000e-01
-1.189575195312500000e-01
-6.481933593750000000e-02
-1.046752929687500000e-02
4.531860351562500000e-02
1.042480468750000000e-01
1.636047363281250000e-01
2.227172851562500000e-01
2.798461914062500000e-01
3.343200683593750000e-01
3.861083984375000000e-01
4.342346191406250000e-01
4.795532226562500000e-01
5.197143554687500000e-01
5.555114746093750000e-01
5.874938964843750000e-01
6.150512695312500000e-01
6.374816894531250000e-01
6.543579101562500000e-01
6.670532226562500000e-01
6.740417480468750000e-01
6.762084960937500000e-01
6.730041503906250000e-01
6.643981933593750000e-01
6.506042480468750000e-01
6.308593750000000000e-01
6.076049804687500000e-01
5.805969238281250000e-01
5.502624511718750000e-01
5.187072753906250000e-01
4.854125976562500000e-01
4.510803222656250000e-01
4.169616699218750000e-01
3.823242187500000000e-01
3.478698730468750000e-01
3.136596679687500000e-01
2.803344726562500000e-01
2.467041015625000000e-01
2.141723632812500000e-01
1.814575195312500000e-01
1.495056152343750000e-01
1.176147460937500000e-01
8.471679687500000000e-02
5.114746093750000000e-02
1.788330078125000000e-02
-2.215576171875000000e-02
-7.147216796875000000e-02
-1.187438964843750000e-01
-1.661376953125000000e-01
-2.073059082031250000e-01
-2.470092773437500000e-01
-2.890014648437500000e-01
-3.303833007812500000e-01
-3.704528808593750000e-01
-4.106140136718750000e-01
-4.509582519531250000e-01
-4.889831542968750000e-01
-5.255432128906250000e-01
-5.590209960937500000e-01
-5.895385742187500000e-01
-6.159667968750000000e-01
-6.393432617187500000e-01
-6.585998535156250000e-01
-6.741333007812500000e-01
-6.859741210937500000e-01
-6.937561035156250000e-01
-6.979370117187500000e-01
-6.983642578125000000e-01
-6.948547363281250000e-01
-6.853027343750000000e-01
-6.702270507812500000e-01
-6.502990722656250000e-01
-6.260986328125000000e-01
-5.981750488281250000e-01
-5.679931640625000000e-01
-5.353698730468750000e-01
-5.019836425781250000e-01
-4.678344726562500000e-01
-4.330139160156250000e-01
-3.983154296875000000e-01
-3.637695312500000000e-01
-3.294982910156250000e-01
-2.953491210937500000e-01
-2.619018554687500000e-01
-2.290649414062500000e-01
-1.967773437500000000e-01
-1.647949218750000000e-01
-1.338806152343750000e-01
-1.025085449218750000e-01
-7.168579101562500000e-02
-4.074096679687500000e-02
-1.013183593750000000e-02
2.053833007812500000e-02
5.126953125000000000e-02
8.526611328125000000e-02
1.269226074218750000e-01
1.717529296875000000e-01
2.125549316406250000e-01
2.456665039062500000e-01
2.789001464843750000e-01
3.132629394531250000e-01
3.478393554687500000e-01
3.823547363281250000e-01
4.159851074218750000e-01
4.483032226562500000e-01
4.786987304687500000e-01
5.066528320312500000e-01
5.318298339843750000e-01
5.542907714843750000e-01
5.747680664062500000e-01
5.928039550781250000e-01
6.077270507812500000e-01
6.191101074218750000e-01
6.267089843750000000e-01
6.316528320312500000e-01
6.331481933593750000e-01
6.321411132812500000e-01
6.283569335937500000e-01
6.203308105468750000e-01
6.085815429687500000e-01
5.924072265625000000e-01
5.723876953125000000e-01
5.486755371093750000e-01
5.233764648437500000e-01
4.957885742187500000e-01
4.663391113281250000e-01
4.353332519531250000e-01
4.016723632812500000e-01
3.664245605468750000e-01
3.334350585937500000e-01
3.018493652343750000e-01
2.706604003906250000e-01
2.408752441406250000e-01
2.118530273437500000e-01
1.832885742187500000e-01
1.558532714843750000e-01
1.278991699218750000e-01
9.985351562500000000e-02
7.315063476562500000e-02
4.656982421875000000e-02
2.160644531250000000e-02
-2.960205078125000000e-03
-2.633666992187500000e-02
-4.885864257812500000e-02
-7.034301757812500000e-02
-9.094238281250000000e-02
-1.107482910156250000e-01
-1.296997070312500000e-01
-1.476135253906250000e-01
-1.644592285156250000e-01
-1.802978515625000000e-01
-1.954956054687500000e-01
-2.103271484375000000e-01
-2.244873046875000000e-01
-2.409362792968750000e-01
-2.589111328125000000e-01
-2.782287597656250000e-01
-2.975769042968750000e-01
-3.165893554687500000e-01
-3.342895507812500000e-01
-3.495483398437500000e-01
-3.653564453125000000e-01
-3.810424804687500000e-01
-3.967285156250000000e-01
-4.121398925781250000e-01
-4.260559082031250000e-01
-4.392395019531250000e-01
-4.504089355468750000e-01
-4.599609375000000000e-01
-4.671020507812500000e-01
-4.734497070312500000e-01
-4.796447753906250000e-01
-4.841003417968750000e-01
-4.859619140625000000e-01
-4.859313964843750000e-01
-4.830932617187500000e-01
-4.788513183593750000e-01
-4.712219238281250000e-01
-4.607238769531250000e-01
-4.474182128906250000e-01
-4.308471679687500000e-01
-4.121093750000000000e-01
-3.912658691406250000e-01
-3.684997558593750000e-01
-3.446350097656250000e-01
-3.197937011718750000e-01
-2.951354980468750000e-01
-2.691650390625000000e-01
-2.415771484375000000e-01
-2.123413085937500000e-01
-1.836242675781250000e-01
-1.550903320312500000e-01
-1.286010742187500000e-01
-1.022033691406250000e-01
-7.513427734375000000e-02
-4.959106445312500000e-02
-2.362060546875000000e-02
1.342773437500000000e-03
2.563476562500000000e-02
4.806518554687500000e-02
7.061767578125000000e-02
9.320068359375000000e-02
1.135559082031250000e-01
1.327209472656250000e-01
1.501770019531250000e-01
1.668090820312500000e-01
1.819763183593750000e-01
1.962585449218750000e-01
2.092590332031250000e-01
2.215881347656250000e-01
2.325439453125000000e-01
2.429504394531250000e-01
2.521972656250000000e-01
2.610778808593750000e-01
2.701416015625000000e-01
2.791137695312500000e-01
2.906799316406250000e-01
3.059387207031250000e-01
3.211364746093750000e-01
3.343200683593750000e-01
3.437805175781250000e-01
3.538818359375000000e-01
3.643493652343750000e-01
3.750610351562500000e-01
3.858337402343750000e-01
3.956604003906250000e-01
4.050598144531250000e-01
4.127502441406250000e-01
4.194641113281250000e-01
4.237976074218750000e-01
4.275207519531250000e-01
4.305725097656250000e-01
4.326171875000000000e-01
4.325561523437500000e-01
4.309387207031250000e-01
4.274597167968750000e-01
4.222106933593750000e-01
4.151916503906250000e-01
4.057922363281250000e-01
3.941345214843750000e-01
3.804626464843750000e-01
3.645324707031250000e-01
3.470764160156250000e-01
3.282470703125000000e-01
3.085021972656250000e-01
2.878417968750000000e-01
2.666015625000000000e-01
2.448120117187500000e-01
2.234191894531250000e-01
2.008666992187500000e-01
1.792907714843750000e-01
1.571960449218750000e-01
1.339111328125000000e-01
1.076049804687500000e-01
8.068847656250000000e-02
5.590820312500000000e-02
3.228759765625000000e-02
9.063720703125000000e-03
-1.589965820312500000e-02
-4.019165039062500000e-02
-6.347656250000000000e-02
-8.599853515625000000e-02
-1.070251464843750000e-01
-1.290893554687500000e-01
-1.473999023437500000e-01
-1.639709472656250000e-01
-1.795959472656250000e-01
-1.930236816406250000e-01
-2.039489746093750000e-01
-2.149353027343750000e-01
-2.244873046875000000e-01
-2.324523925781250000e-01
-2.385253906250000000e-01
-2.438049316406250000e-01
-2.475585937500000000e-01
-2.505187988281250000e-01
-2.522583007812500000e-01
-2.534179687500000000e-01
-2.539978027343750000e-01
-2.544860839843750000e-01
-2.540893554687500000e-01
-2.536315917968750000e-01
-2.536010742187500000e-01
-2.521972656250000000e-01
-2.507019042968750000e-01
-2.507934570312500000e-01
-2.509155273437500000e-01
-2.520446777343750000e-01
-2.540893554687500000e-01
-2.566528320312500000e-01
-2.593994140625000000e-01
-2.611999511718750000e-01
-2.627868652343750000e-01
-2.644958496093750000e-01
-2.660827636718750000e-01
-2.680053710937500000e-01
-2.692565917968750000e-01
-2.707519531250000000e-01
-2.712097167968750000e-01
-2.728576660156250000e-01
-2.743835449218750000e-01
-2.747802734375000000e-01
-2.743835449218750000e-01
-2.725219726562500000e-01
-2.698059082031250000e-01
-2.656555175781250000e-01
-2.605285644531250000e-01
-2.541503906250000000e-01
-2.469177246093750000e-01
-2.384338378906250000e-01
-2.287597656250000000e-01
-2.180175781250000000e-01
-2.061767578125000000e-01
-1.932983398437500000e-01
-1.796569824218750000e-01
-1.653137207031250000e-01
-1.499633789062500000e-01
-1.345825195312500000e-01
-1.181640625000000000e-01
-1.003723144531250000e-01
-8.044433593750000000e-02
-5.795288085937500000e-02
-3.860473632812500000e-02
-2.319335937500000000e-02
-6.225585937500000000e-03
1.119995117187500000e-02
2.981567382812500000e-02
4.953002929687500000e-02
6.884765625000000000e-02
8.605957031250000000e-02
1.028137207031250000e-01
1.188659667968750000e-01
1.335754394531250000e-01
1.476135253906250000e-01
1.602783203125000000e-01
1.727294921875000000e-01
1.831359863281250000e-01
1.925659179687500000e-01
2.009582519531250000e-01
2.088928222656250000e-01
2.158203125000000000e-01
2.215576171875000000e-01
2.261962890625000000e-01
2.301940917968750000e-01
2.330322265625000000e-01
2.352600097656250000e-01
2.367553710937500000e-01
2.375183105468750000e-01
2.377014160156250000e-01
2.377319335937500000e-01
2.374572753906250000e-01
2.374877929687500000e-01
2.378234863281250000e-01
2.391052246093750000e-01
2.414550781250000000e-01
2.448120117187500000e-01
2.490844726562500000e-01
2.519226074218750000e-01
2.532653808593750000e-01
2.552795410156250000e-01
2.576599121093750000e-01
2.601013183593750000e-01
2.623596191406250000e-01
2.642211914062500000e-01
2.652893066406250000e-01
2.655944824218750000e-01
2.652893066406250000e-01
2.638854980468750000e-01
2.619934082031250000e-01
2.608032226562500000e-01
2.593383789062500000e-01
2.569274902343750000e-01
2.528686523437500000e-01
2.479858398437500000e-01
2.417907714843750000e-01
2.341613769531250000e-01
2.252502441406250000e-01
2.149353027343750000e-01
2.038879394531250000e-01
1.917724609375000000e-01
1.787109375000000000e-01
1.651000976562500000e-01
1.510314941406250000e-01
1.365966796875000000e-01
1.218566894531250000e-01
1.071166992187500000e-01
9.225463867187500000e-02
7.711791992187500000e-02
6.207275390625000000e-02
4.693603515625000000e-02
3.128051757812500000e-02
1.434326171875000000e-02
-4.669189453125000000e-03
-2.389526367187500000e-02
-4.049682617187500000e-02
-5.667114257812500000e-02
-7.321166992187500000e-02
-9.072875976562500000e-02
-1.080322265625000000e-01
-1.246643066406250000e-01
-1.412963867187500000e-01
-1.565551757812500000e-01
-1.701965332031250000e-01
-1.844787597656250000e-01
-1.972656250000000000e-01
-2.081298828125000000e-01
-2.182312011718750000e-01
-2.264099121093750000e-01
-2.335205078125000000e-01
-2.390441894531250000e-01
-2.438659667968750000e-01
-2.458801269531250000e-01
-2.476196289062500000e-01
-2.489929199218750000e-01
-2.489318847656250000e-01
-2.481994628906250000e-01
-2.463073730468750000e-01
-2.436828613281250000e-01
-2.403869628906250000e-01
-2.364807128906250000e-01
-2.316284179687500000e-01
-2.270507812500000000e-01
-2.225646972656250000e-01
-2.181396484375000000e-01
-2.130737304687500000e-01
-2.087402343750000000e-01
-2.033996582031250000e-01
-1.988830566406250000e-01
-1.942443847656250000e-01
-1.893005371093750000e-01
-1.853942871093750000e-01
-1.814575195312500000e-01
-1.770935058593750000e-01
-1.744689941406250000e-01
-1.720886230468750000e-01
-1.699218750000000000e-01
-1.684570312500000000e-01
-1.659851074218750000e-01
-1.638183593750000000e-01
-1.617431640625000000e-01
-1.593322753906250000e-01
-1.569213867187500000e-01
-1.559143066406250000e-01
-1.551818847656250000e-01
-1.535949707031250000e-01
-1.516723632812500000e-01
-1.488647460937500000e-01
-1.454162597656250000e-01
-1.414489746093750000e-01
-1.368713378906250000e-01
-1.316528320312500000e-01
-1.258850097656250000e-01
-1.193847656250000000e-01
-1.124572753906250000e-01
-1.049499511718750000e-01
-9.683227539062500000e-02
-8.840942382812500000e-02
-7.949829101562500000e-02
-6.991577148437500000e-02
-6.018066406250000000e-02
-4.986572265625000000e-02
-3.918457031250000000e-02
-2.832031250000000000e-02
-1.654052734375000000e-02
-4.333496093750000000e-03
1.058959960937500000e-02
2.569580078125000000e-02
3.848266601562500000e-02
5.047607421875000000e-02
6.018066406250000000e-02
7.070922851562500000e-02
8.306884765625000000e-02
9.527587890625000000e-02
1.068725585937500000e-01
1.177368164062500000e-01
1.282958984375000000e-01
1.386413574218750000e-01
1.473693847656250000e-01
1.553344726562500000e-01
1.630554199218750000e-01
1.696777343750000000e-01
1.764526367187500000e-01
1.821899414062500000e-01
1.874694824218750000e-01
1.919860839843750000e-01
1.958618164062500000e-01
1.981201171875000000e-01
1.996765136718750000e-01
2.013854980468750000e-01
2.022399902343750000e-01
2.025756835937500000e-01
2.025756835937500000e-01
2.014770507812500000e-01
2.000122070312500000e-01
1.983032226562500000e-01
1.959533691406250000e-01
1.938171386718750000e-01
1.920471191406250000e-01
1.909484863281250000e-01
1.892395019531250000e-01
1.879882812500000000e-01
1.875305175781250000e-01
1.869506835937500000e-01
1.862487792968750000e-01
1.866149902343750000e-01
1.858825683593750000e-01
1.849365234375000000e-01
1.840209960937500000e-01
1.831359863281250000e-01
1.820983886718750000e-01
1.808471679687500000e-01
1.792602539062500000e-01
1.772155761718750000e-01
1.747741699218750000e-01
1.719970703125000000e-01
1.701354980468750000e-01
1.678161621093750000e-01
1.647033691406250000e-01
1.604614257812500000e-01
1.555175781250000000e-01
1.492004394531250000e-01
1.421203613281250000e-01
1.340026855468750000e-01
1.251525878906250000e-01
1.157531738281250000e-01
1.058654785156250000e-01
9.561157226562500000e-02
8.505249023437500000e-02
7.452392578125000000e-02
6.359863281250000000e-02
5.294799804687500000e-02
4.208374023437500000e-02
3.146362304687500000e-02
2.062988281250000000e-02
1.000976562500000000e-02
-1.037597656250000000e-03
-1.208496093750000000e-02
-2.359008789062500000e-02
-3.634643554687500000e-02
-4.937744140625000000e-02
-6.237792968750000000e-02
-7.452392578125000000e-02
-8.547973632812500000e-02
-9.579467773437500000e-02
-1.066284179687500000e-01
-1.180725097656250000e-01
-1.295166015625000000e-01
-1.399536132812500000e-01
-1.499938964843750000e-01
-1.593627929687500000e-01
-1.681518554687500000e-01
-1.759338378906250000e-01
-1.833190917968750000e-01
-1.901550292968750000e-01
-1.955261230468750000e-01
-2.005615234375000000e-01
-2.044372558593750000e-01
-2.076721191406250000e-01
-2.106628417968750000e-01
-2.119140625000000000e-01
-2.121582031250000000e-01
-2.121887207031250000e-01
-2.114257812500000000e-01
-2.102050781250000000e-01
-2.087402343750000000e-01
-2.060241699218750000e-01
-2.031555175781250000e-01
-1.997680664062500000e-01
-1.959838867187500000e-01
-1.924743652343750000e-01
-1.882324218750000000e-01
-1.842041015625000000e-01
-1.800842285156250000e-01
-1.754760742187500000e-01
-1.708068847656250000e-01
-1.668701171875000000e-01
-1.623535156250000000e-01
-1.583862304687500000e-01
-1.542663574218750000e-01
-1.494750976562500000e-01
-1.455688476562500000e-01
-1.415100097656250000e-01
-1.373291015625000000e-01
-1.335449218750000000e-01
-1.306152343750000000e-01
-1.270141601562500000e-01
-1.235046386718750000e-01
-1.198120117187500000e-01
-1.159973144531250000e-01
-1.131591796875000000e-01
-1.104736328125000000e-01
-1.076354980468750000e-01
-1.042175292968750000e-01
-1.008911132812500000e-01
-9.710693359375000000e-02
-9.313964843750000000e-02
-8.923339843750000000e-02
-8.453369140625000000e-02
-7.986450195312500000e-02
-7.424926757812500000e-02
-6.866455078125000000e-02
-6.231689453125000000e-02
-5.603027343750000000e-02
-4.913330078125000000e-02
-4.232788085937500000e-02
-3.503417968750000000e-02
-2.786254882812500000e-02
-2.011108398437500000e-02
-1.266479492187500000e-02
-4.577636718750000000e-03
3.387451171875000000e-03
1.171875000000000000e-02
2.066040039062500000e-02
2.987670898437500000e-02
4.037475585937500000e-02
4.937744140625000000e-02
5.865478515625000000e-02
6.790161132812500000e-02
7.513427734375000000e-02
8.154296875000000000e-02
8.944702148437500000e-02
9.762573242187500000e-02
1.051025390625000000e-01
1.127624511718750000e-01
1.194458007812500000e-01
1.258544921875000000e-01
1.320190429687500000e-01
1.371459960937500000e-01
1.423339843750000000e-01
1.470031738281250000e-01
1.514587402343750000e-01
1.551513671875000000e-01
1.593627929687500000e-01
1.624145507812500000e-01
1.646728515625000000e-01
1.667175292968750000e-01
1.678161621093750000e-01
1.683654785156250000e-01
1.683959960937500000e-01
1.681518554687500000e-01
1.676330566406250000e-01
1.665649414062500000e-01
1.649780273437500000e-01
1.633605957031250000e-01
1.612243652343750000e-01
1.593933105468750000e-01
1.570434570312500000e-01
1.548461914062500000e-01
1.539306640625000000e-01
1.522216796875000000e-01
1.503601074218750000e-01
1.484375000000000000e-01
1.470642089843750000e-01
1.454772949218750000e-01
1.435852050781250000e-01
1.418457031250000000e-01
1.398315429687500000e-01
1.378784179687500000e-01
1.358947753906250000e-01
1.336975097656250000e-01
1.313476562500000000e-01
1.286926269531250000e-01
1.258544921875000000e-01
1.234741210937500000e-01
1.209411621093750000e-01
1.175842285156250000e-01
1.137695312500000000e-01
1.090393066406250000e-01
1.038513183593750000e-01
9.793090820312500000e-02
9.161376953125000000e-02
8.486938476562500000e-02
7.760620117187500000e-02
7.028198242187500000e-02
6.256103515625000000e-02
5.514526367187500000e-02
4.748535156250000000e-02
3.988647460937500000e-02
3.219604492187500000e-02
2.459716796875000000e-02
1.666259765625000000e-02
9.063720703125000000e-03
1.281738281250000000e-03
-6.591796875000000000e-03
-1.455688476562500000e-02
-2.285766601562500000e-02
-3.121948242187500000e-02
-3.970336914062500000e-02
-4.824829101562500000e-02
-5.676269531250000000e-02
-6.478881835937500000e-02
-7.244873046875000000e-02
-7.940673828125000000e-02
-8.654785156250000000e-02
-9.432983398437500000e-02
-1.015930175781250000e-01
-1.085815429687500000e-01
-1.153259277343750000e-01
-1.215820312500000000e-01
-1.277465820312500000e-01
-1.334838867187500000e-01
-1.386108398437500000e-01
-1.434631347656250000e-01
-1.478881835937500000e-01
-1.517944335937500000e-01
-1.554260253906250000e-01
-1.584472656250000000e-01
-1.607971191406250000e-01
-1.625976562500000000e-01
-1.638183593750000000e-01
-1.645812988281250000e-01
-1.646118164062500000e-01
-1.645507812500000000e-01
-1.634216308593750000e-01
-1.623535156250000000e-01
-1.609191894531250000e-01
-1.593933105468750000e-01
-1.566467285156250000e-01
-1.545104980468750000e-01
-1.523132324218750000e-01
-1.496276855468750000e-01
-1.468811035156250000e-01
-1.438598632812500000e-01
-1.405944824218750000e-01
-1.378479003906250000e-01
-1.346740722656250000e-01
-1.315917968750000000e-01
-1.282653808593750000e-01
-1.246948242187500000e-01
-1.215515136718750000e-01
-1.178894042968750000e-01
-1.142883300781250000e-01
-1.112060546875000000e-01
-1.074829101562500000e-01
-1.040039062500000000e-01
-1.002502441406250000e-01
-9.692382812500000000e-02
-9.353637695312500000e-02
-9.054565429687500000e-02
-8.691406250000000000e-02
-8.337402343750000000e-02
-7.958984375000000000e-02
-7.562255859375000000e-02
-7.144165039062500000e-02
-6.683349609375000000e-02
-6.234741210937500000e-02
-5.728149414062500000e-02
-5.236816406250000000e-02
-4.711914062500000000e-02
-4.162597656250000000e-02
-3.622436523437500000e-02
-3.054809570312500000e-02
-2.499389648437500000e-02
-1.925659179687500000e-02
-1.358032226562500000e-02
-7.873535156250000000e-03
-2.166748046875000000e-03
3.448486328125000000e-03
9.429931640625000000e-03
1.516723632812500000e-02
2.127075195312500000e-02
2.749633789062500000e-02
3.411865234375000000e-02
4.080200195312500000e-02
4.736328125000000000e-02
5.422973632812500000e-02
6.072998046875000000e-02
6.698608398437500000e-02
7.229614257812500000e-02
7.739257812500000000e-02
8.294677734375000000e-02
8.804321289062500000e-02
9.381103515625000000e-02
9.866333007812500000e-02
1.038818359375000000e-01
1.084899902343750000e-01
1.122131347656250000e-01
1.161499023437500000e-01
1.199340820312500000e-01
1.233520507812500000e-01
1.262207031250000000e-01
1.290893554687500000e-01
1.317749023437500000e-01
1.337890625000000000e-01
1.351318359375000000e-01
1.368408203125000000e-01
1.375427246093750000e-01
1.377563476562500000e-01
1.377563476562500000e-01
1.366271972656250000e-01
1.359863281250000000e-01
1.346130371093750000e-01
1.330566406250000000e-01
1.315612792968750000e-01
1.296691894531250000e-01
1.279907226562500000e-01
1.258239746093750000e-01
1.236877441406250000e-01
1.217041015625000000e-01
1.194763183593750000e-01
1.173095703125000000e-01
1.154479980468750000e-01
1.132812500000000000e-01
1.116027832031250000e-01
1.090393066406250000e-01
1.068725585937500000e-01
1.047058105468750000e-01
1.024475097656250000e-01
1.001892089843750000e-01
9.765625000000000000e-02
9.536743164062500000e-02
9.289550781250000000e-02
9.033203125000000000e-02
8.728027343750000000e-02
8.401489257812500000e-02
8.050537109375000000e-02
7.629394531250000000e-02
7.208251953125000000e-02
6.729125976562500000e-02
6.228637695312500000e-02
5.731201171875000000e-02
5.175781250000000000e-02
4.641723632812500000e-02
4.055786132812500000e-02
3.509521484375000000e-02
2.935791015625000000e-02
2.368164062500000000e-02
1.806640625000000000e-02
1.235961914062500000e-02
6.744384765625000000e-03
1.159667968750000000e-03
-4.608154296875000000e-03
-1.019287109375000000e-02
-1.593017578125000000e-02
-2.154541015625000000e-02
-2.716064453125000000e-02
-3.283691406250000000e-02
-3.839111328125000000e-02
-4.376220703125000000e-02
-4.925537109375000000e-02
-5.471801757812500000e-02
-5.987548828125000000e-02
-6.451416015625000000e-02
-6.942749023437500000e-02
-7.412719726562500000e-02
-7.891845703125000000e-02
-8.346557617187500000e-02
-8.779907226562500000e-02
-9.207153320312500000e-02
-9.609985351562500000e-02
-9.973144531250000000e-02
-1.030578613281250000e-01
-1.063842773437500000e-01
-1.098632812500000000e-01
-1.125793457031250000e-01
-1.150207519531250000e-01
-1.175231933593750000e-01
-1.191101074218750000e-01
-1.210021972656250000e-01
-1.220092773437500000e-01
-1.227416992187500000e-01
-1.233520507812500000e-01
-1.234436035156250000e-01
-1.235656738281250000e-01
-1.231079101562500000e-01
-1.226806640625000000e-01
-1.217041015625000000e-01
-1.206359863281250000e-01
-1.195983886718750000e-01
-1.180725097656250000e-01
-1.166687011718750000e-01
-1.146545410156250000e-01
-1.129760742187500000e-01
-1.114196777343750000e-01
-1.093139648437500000e-01
-1.067810058593750000e-01
-1.044006347656250000e-01
-1.021728515625000000e-01
-1.000366210937500000e-01
-9.747314453125000000e-02
-9.475708007812500000e-02
-9.219360351562500000e-02
-8.932495117187500000e-02
-8.654785156250000000e-02
-8.364868164062500000e-02
-8.041381835937500000e-02
-7.736206054687500000e-02
-7.406616210937500000e-02
-7.110595703125000000e-02
-6.750488281250000000e-02
-6.372070312500000000e-02
-5.987548828125000000e-02
-5.563354492187500000e-02
-5.157470703125000000e-02
-4.711914062500000000e-02
-4.275512695312500000e-02
-3.820800781250000000e-02
-3.372192382812500000e-02
-2.890014648437500000e-02
-2.441406250000000000e-02
-1.965332031250000000e-02
-1.507568359375000000e-02
-1.052856445312500000e-02
-5.950927734375000000e-03
-1.373291015625000000e-03
3.112792968750000000e-03
7.751464843750000000e-03
1.226806640625000000e-02
1.696777343750000000e-02
2.160644531250000000e-02
2.624511718750000000e-02
3.115844726562500000e-02
3.576660156250000000e-02
4.095458984375000000e-02
4.522705078125000000e-02
5.053710937500000000e-02
5.499267578125000000e-02
5.957031250000000000e-02
6.329345703125000000e-02
6.683349609375000000e-02
7.043457031250000000e-02
7.440185546875000000e-02
7.800292968750000000e-02
8.120727539062500000e-02
8.465576171875000000e-02
8.782958984375000000e-02
9.057617187500000000e-02
9.313964843750000000e-02
9.585571289062500000e-02
9.829711914062500000e-02
1.002502441406250000e-01
1.023864746093750000e-01
1.040954589843750000e-01
1.051940917968750000e-01
1.061401367187500000e-01
1.071777343750000000e-01
1.078796386718750000e-01
1.080627441406250000e-01
1.078186035156250000e-01
1.071777343750000000e-01
1.062622070312500000e-01
1.052856445312500000e-01
1.036376953125000000e-01
1.025085449218750000e-01
1.011352539062500000e-01
9.906005859375000000e-02
9.741210937500000000e-02
9.558105468750000000e-02
9.353637695312500000e-02
9.146118164062500000e-02
8.947753906250000000e-02
8.718872070312500000e-02
8.520507812500000000e-02
8.309936523437500000e-02
8.123779296875000000e-02
7.901000976562500000e-02
7.711791992187500000e-02
7.492065429687500000e-02
7.269287109375000000e-02
7.034301757812500000e-02
6.793212890625000000e-02
6.539916992187500000e-02
6.271362304687500000e-02
6.057739257812500000e-02
5.780029296875000000e-02
5.499267578125000000e-02
5.191040039062500000e-02
4.858398437500000000e-02
4.519653320312500000e-02
4.138183593750000000e-02
3.768920898437500000e-02
3.366088867187500000e-02
2.978515625000000000e-02
2.557373046875000000e-02
2.160644531250000000e-02
1.739501953125000000e-02
1.333618164062500000e-02
9.185791015625000000e-03
5.065917968750000000e-03
1.007080078125000000e-03
-3.387451171875000000e-03
-7.354736328125000000e-03
-1.171875000000000000e-02
-1.577758789062500000e-02
-2.008056640625000000e-02
-2.398681640625000000e-02
-2.822875976562500000e-02
-3.213500976562500000e-02
-3.631591796875000000e-02
-4.019165039062500000e-02
-4.434204101562500000e-02
-4.812622070312500000e-02
-5.169677734375000000e-02
-5.477905273437500000e-02
-5.798339843750000000e-02
-6.130981445312500000e-02
-6.460571289062500000e-02
-6.747436523437500000e-02
-7.077026367187500000e-02
-7.336425781250000000e-02
-7.604980468750000000e-02
-7.849121093750000000e-02
-8.056640625000000000e-02
-8.273315429687500000e-02
-8.468627929687500000e-02
-8.651733398437500000e-02
-8.795166015625000000e-02
-8.932495117187500000e-02
-9.054565429687500000e-02
-9.115600585937500000e-02
-9.161376953125000000e-02
-9.173583984375000000e-02
-9.176635742187500000e-02
-9.112548828125000000e-02
-9.112548828125000000e-02
-9.027099609375000000e-02
-8.963012695312500000e-02
-8.874511718750000000e-02
-8.752441406250000000e-02
-8.639526367187500000e-02
-8.483886718750000000e-02
-8.343505859375000000e-02
-8.172607421875000000e-02
-8.004760742187500000e-02
-7.827758789062500000e-02
-7.632446289062500000e-02
-7.470703125000000000e-02
-7.247924804687500000e-02
-7.055664062500000000e-02
-6.808471679687500000e-02
-6.616210937500000000e-02
-6.347656250000000000e-02
-6.124877929687500000e-02
-5.886840820312500000e-02
-5.612182617187500000e-02
-5.374145507812500000e-02
-5.084228515625000000e-02
-4.806518554687500000e-02
-4.547119140625000000e-02
-4.220581054687500000e-02
-3.982543945312500000e-02
-3.689575195312500000e-02
-3.457641601562500000e-02
-3.152465820312500000e-02
-2.859497070312500000e-02
-2.557373046875000000e-02
-2.252197265625000000e-02
-1.947021484375000000e-02
-1.632690429687500000e-02
-1.321411132812500000e-02
-1.004028320312500000e-02
-6.958007812500000000e-03
-3.692626953125000000e-03
-5.187988281250000000e-04
2.685546875000000000e-03
5.889892578125000000e-03
9.277343750000000000e-03
1.254272460937500000e-02
1.586914062500000000e-02
1.901245117187500000e-02
2.233886718750000000e-02
2.563476562500000000e-02
2.877807617187500000e-02
3.219604492187500000e-02
3.512573242187500000e-02
3.866577148437500000e-02
4.150390625000000000e-02
4.498291015625000000e-02
4.748535156250000000e-02
4.974365234375000000e-02
5.209350585937500000e-02
5.474853515625000000e-02
5.709838867187500000e-02
5.960083007812500000e-02
6.182861328125000000e-02
6.408691406250000000e-02
6.588745117187500000e-02
6.765747070312500000e-02
6.958007812500000000e-02
7.119750976562500000e-02
7.241821289062500000e-02
7.400512695312500000e-02
7.516479492187500000e-02
7.620239257812500000e-02
7.687377929687500000e-02
7.748413085937500000e-02
7.803344726562500000e-02
7.803344726562500000e-02
7.797241210937500000e-02
7.785034179687500000e-02
7.723999023437500000e-02
7.638549804687500000e-02
7.574462890625000000e-02
7.458496093750000000e-02
7.357788085937500000e-02
7.250976562500000000e-02
7.119750976562500000e-02
6.991577148437500000e-02
6.817626953125000000e-02
6.686401367187500000e-02
6.533813476562500000e-02
6.399536132812500000e-02
6.201171875000000000e-02
6.076049804687500000e-02
5.905151367187500000e-02
5.755615234375000000e-02
5.593872070312500000e-02
5.422973632812500000e-02
5.273437500000000000e-02
5.081176757812500000e-02
4.907226562500000000e-02
4.705810546875000000e-02
4.495239257812500000e-02
4.275512695312500000e-02
4.043579101562500000e-02
3.805541992187500000e-02
3.555297851562500000e-02
3.332519531250000000e-02
3.118896484375000000e-02
2.883911132812500000e-02
2.615356445312500000e-02
2.352905273437500000e-02
2.050781250000000000e-02
1.782226562500000000e-02
1.464843750000000000e-02
1.168823242187500000e-02
8.605957031250000000e-03
5.493164062500000000e-03
2.441406250000000000e-03
-7.934570312500000000e-04
-3.936767578125000000e-03
-7.019042968750000000e-03
-1.019287109375000000e-02
-1.333618164062500000e-02
-1.629638671875000000e-02
-1.947021484375000000e-02
-2.249145507812500000e-02
-2.560424804687500000e-02
-2.856445312500000000e-02
-3.167724609375000000e-02
-3.463745117187500000e-02
-3.747558593750000000e-02
-3.994750976562500000e-02
-4.241943359375000000e-02
-4.504394531250000000e-02
-4.739379882812500000e-02
-4.971313476562500000e-02
-5.218505859375000000e-02
-5.416870117187500000e-02
-5.630493164062500000e-02
-5.813598632812500000e-02
-5.981445312500000000e-02
-6.158447265625000000e-02
-6.292724609375000000e-02
-6.445312500000000000e-02
-6.552124023437500000e-02
-6.674194335937500000e-02
-6.774902343750000000e-02
-6.823730468750000000e-02
-6.875610351562500000e-02
-6.893920898437500000e-02
-6.915283203125000000e-02
-6.909179687500000000e-02
-6.872558593750000000e-02
-6.826782226562500000e-02
-6.814575195312500000e-02
-6.689453125000000000e-02
-6.646728515625000000e-02
-6.524658203125000000e-02
-6.448364257812500000e-02
-6.295776367187500000e-02
-6.185913085937500000e-02
-6.027221679687500000e-02
-5.874633789062500000e-02
-5.706787109375000000e-02
-5.545043945312500000e-02
-5.371093750000000000e-02
-5.191040039062500000e-02
-4.995727539062500000e-02
-4.797363281250000000e-02
-4.605102539062500000e-02
-4.391479492187500000e-02
-4.183959960937500000e-02
-3.970336914062500000e-02
-3.750610351562500000e-02
-3.527832031250000000e-02
-3.341674804687500000e-02
-3.112792968750000000e-02
-2.874755859375000000e-02
-2.630615234375000000e-02
-2.404785156250000000e-02
-2.142333984375000000e-02
-1.934814453125000000e-02
-1.687622070312500000e-02
-1.477050781250000000e-02
-1.239013671875000000e-02
-1.004028320312500000e-02
-7.781982421875000000e-03
-5.432128906250000000e-03
-3.112792968750000000e-03
-7.324218750000000000e-04
1.342773437500000000e-03
3.753662109375000000e-03
5.798339843750000000e-03
7.415771484375000000e-03
8.911132812500000000e-03
1.037597656250000000e-02
1.245117187500000000e-02
1.406860351562500000e-02
1.647949218750000000e-02
1.831054687500000000e-02
2.066040039062500000e-02
2.279663085937500000e-02
2.511596679687500000e-02
2.749633789062500000e-02
2.947998046875000000e-02
3.179931640625000000e-02
3.405761718750000000e-02
3.625488281250000000e-02
3.778076171875000000e-02
3.952026367187500000e-02
4.135131835937500000e-02
4.272460937500000000e-02
4.470825195312500000e-02
4.626464843750000000e-02
4.763793945312500000e-02
4.916381835937500000e-02
5.017089843750000000e-02
5.130004882812500000e-02
5.215454101562500000e-02
5.331420898437500000e-02
5.377197265625000000e-02
5.456542968750000000e-02
5.529785156250000000e-02
5.572509765625000000e-02
5.612182617187500000e-02
5.615234375000000000e-02
5.599975585937500000e-02
5.593872070312500000e-02
5.575561523437500000e-02
5.511474609375000000e-02
5.432128906250000000e-02
5.377197265625000000e-02
5.270385742187500000e-02
5.163574218750000000e-02
5.053710937500000000e-02
4.925537109375000000e-02
4.791259765625000000e-02
4.663085937500000000e-02
4.516601562500000000e-02
4.367065429687500000e-02
4.205322265625000000e-02
4.074096679687500000e-02
3.930664062500000000e-02
3.796386718750000000e-02
3.649902343750000000e-02
3.506469726562500000e-02
3.366088867187500000e-02
3.219604492187500000e-02
3.073120117187500000e-02
2.923583984375000000e-02
2.749633789062500000e-02
2.603149414062500000e-02
2.438354492187500000e-02
2.270507812500000000e-02
2.093505859375000000e-02
1.919555664062500000e-02
1.733398437500000000e-02
1.556396484375000000e-02
1.364135742187500000e-02
1.199340820312500000e-02
9.857177734375000000e-03
8.117675781250000000e-03
5.981445312500000000e-03
4.241943359375000000e-03
2.197265625000000000e-03
3.662109375000000000e-04
-1.617431640625000000e-03
-3.509521484375000000e-03
-5.523681640625000000e-03
-7.415771484375000000e-03
-9.368896484375000000e-03
-1.119995117187500000e-02
-1.333618164062500000e-02
-1.492309570312500000e-02
-1.702880859375000000e-02
-1.879882812500000000e-02
-2.072143554687500000e-02
-2.255249023437500000e-02
-2.426147460937500000e-02
-2.618408203125000000e-02
-2.752685546875000000e-02
-2.929687500000000000e-02
-3.060913085937500000e-02
-3.201293945312500000e-02
-3.344726562500000000e-02
-3.460693359375000000e-02
-3.598022460937500000e-02
-3.689575195312500000e-02
-3.805541992187500000e-02
-3.897094726562500000e-02
-3.976440429687500000e-02
-4.037475585937500000e-02
-4.122924804687500000e-02
-4.168701171875000000e-02
-4.220581054687500000e-02
-4.254150390625000000e-02
-4.257202148437500000e-02
-4.296875000000000000e-02
-4.287719726562500000e-02
-4.278564453125000000e-02
-4.238891601562500000e-02
-4.226684570312500000e-02
-4.183959960937500000e-02
-4.132080078125000000e-02
-4.098510742187500000e-02
-4.006958007812500000e-02
-3.970336914062500000e-02
-3.857421875000000000e-02
-3.799438476562500000e-02
-3.680419921875000000e-02
-3.582763671875000000e-02
-3.485107421875000000e-02
-3.353881835937500000e-02
-3.259277343750000000e-02
-3.128051757812500000e-02
-3.015136718750000000e-02
-2.880859375000000000e-02
-2.749633789062500000e-02
-2.609252929687500000e-02
-2.453613281250000000e-02
-2.334594726562500000e-02
-2.178955078125000000e-02
-2.050781250000000000e-02
-1.904296875000000000e-02
-1.770019531250000000e-02
-1.623535156250000000e-02
-1.483154296875000000e-02
-1.342773437500000000e-02
-1.199340820312500000e-02
-1.055908203125000000e-02
-9.094238281250000000e-03
-7.873535156250000000e-03
-6.317138671875000000e-03
-5.065917968750000000e-03
-3.692626953125000000e-03
-2.502441406250000000e-03
-1.037597656250000000e-03
-6.103515625000000000e-05
1.464843750000000000e-03
2.471923828125000000e-03
3.875732421875000000e-03
4.943847656250000000e-03
6.286621093750000000e-03
7.293701171875000000e-03
8.544921875000000000e-03
9.582519531250000000e-03
1.095581054687500000e-02
1.187133789062500000e-02
1.324462890625000000e-02
1.431274414062500000e-02
1.541137695312500000e-02
1.635742187500000000e-02
1.751708984375000000e-02
1.855468750000000000e-02
1.947021484375000000e-02
2.047729492187500000e-02
2.136230468750000000e-02
2.221679687500000000e-02
2.319335937500000000e-02
2.355957031250000000e-02
2.450561523437500000e-02
2.478027343750000000e-02
2.560424804687500000e-02
2.590942382812500000e-02
2.673339843750000000e-02
2.685546875000000000e-02
2.734375000000000000e-02
2.755737304687500000e-02
2.777099609375000000e-02
2.801513671875000000e-02
2.795410156250000000e-02
2.801513671875000000e-02
2.807617187500000000e-02
2.792358398437500000e-02
2.789306640625000000e-02
2.758789062500000000e-02
2.722167968750000000e-02
2.691650390625000000e-02
2.648925781250000000e-02
2.612304687500000000e-02
2.539062500000000000e-02
2.493286132812500000e-02
2.429199218750000000e-02
2.359008789062500000e-02
2.301025390625000000e-02
2.206420898437500000e-02
2.160644531250000000e-02
2.069091796875000000e-02
1.986694335937500000e-02
1.901245117187500000e-02
1.828002929687500000e-02
1.730346679687500000e-02
1.638793945312500000e-02
1.571655273437500000e-02
1.477050781250000000e-02
1.419067382812500000e-02
1.309204101562500000e-02
1.248168945312500000e-02
1.153564453125000000e-02
1.086425781250000000e-02
9.857177734375000000e-03
9.124755859375000000e-03
8.239746093750000000e-03
7.476806640625000000e-03
6.561279296875000000e-03
5.889892578125000000e-03
4.913330078125000000e-03
4.180908203125000000e-03
3.295898437500000000e-03
2.502441406250000000e-03
1.586914062500000000e-03
8.239746093750000000e-04
-3.051757812500000000e-05
-8.850097656250000000e-04
-1.525878906250000000e-03
-2.471923828125000000e-03
-3.082275390625000000e-03
-4.089355468750000000e-03
-4.791259765625000000e-03
-5.371093750000000000e-03
-6.225585937500000000e-03
-6.958007812500000000e-03
-7.507324218750000000e-03
-8.270263671875000000e-03
-8.941650390625000000e-03
-9.521484375000000000e-03
-1.016235351562500000e-02
-1.077270507812500000e-02
-1.132202148437500000e-02
-1.196289062500000000e-02
-1.226806640625000000e-02
-1.287841796875000000e-02
-1.324462890625000000e-02
-1.388549804687500000e-02
-1.397705078125000000e-02
-1.461791992187500000e-02
-1.483154296875000000e-02
-1.525878906250000000e-02
-1.538085937500000000e-02
-1.580810546875000000e-02
-1.596069335937500000e-02
-1.605224609375000000e-02
-1.635742187500000000e-02
-1.632690429687500000e-02
-1.641845703125000000e-02
-1.651000976562500000e-02
-1.644897460937500000e-02
-1.638793945312500000e-02
-1.626586914062500000e-02
-1.605224609375000000e-02
-1.608276367187500000e-02
-1.574707031250000000e-02
-1.553344726562500000e-02
-1.513671875000000000e-02
-1.498413085937500000e-02
-1.461791992187500000e-02
-1.416015625000000000e-02
-1.388549804687500000e-02
-1.333618164062500000e-02
-1.306152343750000000e-02
-1.242065429687500000e-02
-1.214599609375000000e-02
-1.159667968750000000e-02
-1.116943359375000000e-02
-1.065063476562500000e-02
-1.016235351562500000e-02
-9.582519531250000000e-03
-9.124755859375000000e-03
-8.575439453125000000e-03
-7.934570312500000000e-03
-7.446289062500000000e-03
-6.683349609375000000e-03
-6.317138671875000000e-03
-5.706787109375000000e-03
-5.157470703125000000e-03
-4.577636718750000000e-03
-3.936767578125000000e-03
-3.479003906250000000e-03
-2.807617187500000000e-03
-2.349853515625000000e-03
-1.800537109375000000e-03
-1.251220703125000000e-03
-7.019042968750000000e-04
-4.272460937500000000e-04
3.356933593750000000e-04
6.408691406250000000e-04
1.220703125000000000e-03
1.708984375000000000e-03
2.014160156250000000e-03
2.563476562500000000e-03
2.838134765625000000e-03
3.387451171875000000e-03
3.723144531250000000e-03
4.089355468750000000e-03
4.486083984375000000e-03
4.669189453125000000e-03
5.065917968750000000e-03
5.462646484375000000e-03
5.554199218750000000e-03
6.042480468750000000e-03
6.072998046875000000e-03
6.408691406250000000e-03
6.408691406250000000e-03
6.988525390625000000e-03
6.805419921875000000e-03
7.324218750000000000e-03
7.202148437500000000e-03
7.507324218750000000e-03
7.537841796875000000e-03
7.537841796875000000e-03
7.720947265625000000e-03
7.629394531250000000e-03
7.781982421875000000e-03
7.720947265625000000e-03
7.812500000000000000e-03
7.751464843750000000e-03
7.751464843750000000e-03
7.568359375000000000e-03
7.598876953125000000e-03
7.537841796875000000e-03
7.446289062500000000e-03
7.324218750000000000e-03
7.141113281250000000e-03
7.202148437500000000e-03
6.866455078125000000e-03
6.835937500000000000e-03
6.561279296875000000e-03
6.439208984375000000e-03
6.225585937500000000e-03
6.134033203125000000e-03
5.767822265625000000e-03
5.706787109375000000e-03
5.310058593750000000e-03
5.249023437500000000e-03
5.004882812500000000e-03
4.669189453125000000e-03
4.608154296875000000e-03
4.150390625000000000e-03
4.150390625000000000e-03
3.814697265625000000e-03
3.631591796875000000e-03
3.417968750000000000e-03
0.000000000000000000e+00
0.000000000000000000e+00
3.051757812500000000e-05
-6.103515625000000000e-05
9.155273437500000000e-05
-1.220703125000000000e-04
1.220703125000000000e-04
-9.155273437500000000e-05
9.155273437500000000e-05
-9.155273437500000000e-05
6.103515625000000000e-05
-6.103515625000000000e-05
9.155273437500000000e-05
-9.155273437500000000e-05
6.103515625000000000e-05
-3.051757812500000000e-05
0.000000000000000000e+00
0.000000000000000000e+00
0.000000000000000000e+00
0.000000000000000000e+00
-3.051757812500000000e-05
6.103515625000000000e-05
-9.155273437500000000e-05
9.155273437500000000e-05
-6.103515625000000000e-05
0.000000000000000000e+00
3.051757812500000000e-05
0.000000000000000000e+00
-3.051757812500000000e-05
3.051757812500000000e-05
-6.103515625000000000e-05
9.155273437500000000e-05
-6.103515625000000000e-05
3.051757812500000000e-05
-3.051757812500000000e-05
3.051757812500000000e-05
-3.051757812500000000e-05
3.051757812500000000e-05
-3.051757812500000000e-05
6.103515625000000000e-05
-9.155273437500000000e-05
9.155273437500000000e-05
-6.103515625000000000e-05
0.000000000000000000e+00
6.103515625000000000e-05
-9.155273437500000000e-05
9.155273437500000000e-05
-6.103515625000000000e-05
3.051757812500000000e-05
-3.051757812500000000e-05
6.103515625000000000e-05
-6.103515625000000000e-05
3.051757812500000000e-05
-3.051757812500000000e-05
3.051757812500000000e-05
0.000000000000000000e+00
-3.051757812500000000e-05
6.103515625000000000e-05
-9.155273437500000000e-05
6.103515625000000000e-05
0.000000000000000000e+00
-3.051757812500000000e-05
6.103515625000000000e-05
-6.103515625000000000e-05
0.000000000000000000e+00
6.103515625000000000e-05
-6.103515625000000000e-05
3.051757812500000000e-05
0.000000000000000000e+00
-3.051757812500000000e-05
6.103515625000000000e-05
-9.155273437500000000e-05
6.103515625000000000e-05
-3.051757812500000000e-05
3.051757812500000000e-05
-3.051757812500000000e-05
0.000000000000000000e+00
3.051757812500000000e-05
-6.103515625000000000e-05
9.155273437500000000e-05
-9.155273437500000000e-05
3.051757812500000000e-05
3.051757812500000000e-05
-6.103515625000000000e-05
9.155273437500000000e-05
-9.155273437500000000e-05
6.103515625000000000e-05
-6.103515625000000000e-05
6.103515625000000000e-05
-3.051757812500000000e-05
3.051757812500000000e-05
-3.051757812500000000e-05
0.000000000000000000e+00
3.051757812500000000e-05
0.000000000000000000e+00
-3.051757812500000000e-05
6.103515625000000000e-05
-9.155273437500000000e-05
6.103515625000000000e-05
0.000000000000000000e+00
-3.051757812500000000e-05
6.103515625000000000e-05
-9.155273437500000000e-05
6.103515625000000000e-05
-3.051757812500000000e-05
3.051757812500000000e-05
-3.051757812500000000e-05
0.000000000000000000e+00
3.051757812500000000e-05
-3.051757812500000000e-05
3.051757812500000000e-05
-3.051757812500000000e-05
0.000000000000000000e+00
3.051757812500000000e-05
0.000000000000000000e+00
-3.051757812500000000e-05
6.103515625000000000e-05
-9.155273437500000000e-05
9.155273437500000000e-05
-6.103515625000000000e-05
3.051757812500000000e-05
0.000000000000000000e+00
0.000000000000000000e+00
0.000000000000000000e+00
0.000000000000000000e+00
-3.051757812500000000e-05
3.051757812500000000e-05
0.000000000000000000e+00
0.000000000000000000e+00
0.000000000000000000e+00
0.000000000000000000e+00
-3.051757812500000000e-05
6.103515625000000000e-05
-6.103515625000000000e-05
6.103515625000000000e-05
-6.103515625000000000e-05
3.051757812500000000e-05
0.000000000000000000e+00
0.000000000000000000e+00
0.000000000000000000e+00
0.000000000000000000e+00
-3.051757812500000000e-05
6.103515625000000000e-05
-6.103515625000000000e-05
6.103515625000000000e-05
-6.103515625000000000e-05
3.051757812500000000e-05
0.000000000000000000e+00
0.000000000000000000e+00
0.000000000000000000e+00
3.051757812500000000e-05
-9.155273437500000000e-05
9.155273437500000000e-05
-6.103515625000000000e-05
3.051757812500000000e-05
0.000000000000000000e+00
0.000000000000000000e+00
-3.051757812500000000e-05
3.051757812500000000e-05
0.000000000000000000e+00
-3.051757812500000000e-05
6.103515625000000000e-05
-9.155273437500000000e-05
1.220703125000000000e-04
-1.220703125000000000e-04
9.155273437500000000e-05
-6.103515625000000000e-05
3.051757812500000000e-05
0.000000000000000000e+00
0.000000000000000000e+00
0.000000000000000000e+00
0.000000000000000000e+00
0.000000000000000000e+00
0.000000000000000000e+00
0.000000000000000000e+00
0.000000000000000000e+00
0.000000000000000000e+00
3.051757812500000000e-05
-6.103515625000000000e-05
6.103515625000000000e-05
-6.103515625000000000e-05
6.103515625000000000e-05
-6.103515625000000000e-05
6.103515625000000000e-05
-6.103515625000000000e-05
3.051757812500000000e-05
0.000000000000000000e+00
0.000000000000000000e+00
0.000000000000000000e+00
-3.051757812500000000e-05
6.103515625000000000e-05
-9.155273437500000000e-05
9.155273437500000000e-05
-3.051757812500000000e-05
-3.051757812500000000e-05
6.103515625000000000e-05
-6.103515625000000000e-05
3.051757812500000000e-05
0.000000000000000000e+00
0.000000000000000000e+00
0.000000000000000000e+00
3.051757812500000000e-05
-6.103515625000000000e-05
6.103515625000000000e-05
-3.051757812500000000e-05
0.000000000000000000e+00
3.051757812500000000e-05
-3.051757812500000000e-05
0.000000000000000000e+00
6.103515625000000000e-05
-9.155273437500000000e-05
6.103515625000000000e-05
-3.051757812500000000e-05
0.000000000000000000e+00
3.051757812500000000e-05
-3.051757812500000000e-05
3.051757812500000000e-05
-6.103515625000000000e-05
6.103515625000000000e-05
-3.051757812500000000e-05
-3.051757812500000000e-05
1.220703125000000000e-04
-1.525878906250000000e-04
1.220703125000000000e-04
-9.155273437500000000e-05
6.103515625000000000e-05
-3.051757812500000000e-05
3.051757812500000000e-05
0.000000000000000000e+00
-3.051757812500000000e-05
3.051757812500000000e-05
-3.051757812500000000e-05
3.051757812500000000e-05
0.000000000000000000e+00
0.000000000000000000e+00
-3.051757812500000000e-05
3.051757812500000000e-05
0.000000000000000000e+00
-3.051757812500000000e-05
3.051757812500000000e-05
-3.051757812500000000e-05
3.051757812500000000e-05
-3.051757812500000000e-05
3.051757812500000000e-05
-3.051757812500000000e-05
3.051757812500000000e-05
-3.051757812500000000e-05
3.051757812500000000e-05
-3.051757812500000000e-05
3.051757812500000000e-05
0.000000000000000000e+00
-6.103515625000000000e-05
1.220703125000000000e-04
-1.220703125000000000e-04
9.155273437500000000e-05
-9.155273437500000000e-05
9.155273437500000000e-05
-6.103515625000000000e-05
6.103515625000000000e-05
-6.103515625000000000e-05
3.051757812500000000e-05
0.000000000000000000e+00
0.000000000000000000e+00
0.000000000000000000e+00
0.000000000000000000e+00
0.000000000000000000e+00
0.000000000000000000e+00
-3.051757812500000000e-05
3.051757812500000000e-05
0.000000000000000000e+00
-3.051757812500000000e-05
-3.479003906250000000e-03
-8.850097656250000000e-04
-9.460449218750000000e-04
2.593994140625000000e-03
-5.004882812500000000e-03
5.401611328125000000e-03
-2.105712890625000000e-03
4.577636718750000000e-03
-1.019287109375000000e-02
1.708984375000000000e-02
-8.758544921875000000e-03
6.408691406250000000e-03
-1.184082031250000000e-02
1.110839843750000000e-02
-3.421020507812500000e-02
-7.736206054687500000e-02
-2.526855468750000000e-01
-2.265930175781250000e-01
-4.010009765625000000e-02
-1.541137695312500000e-01
-1.565856933593750000e-01
-1.112976074218750000e-01
-4.895019531250000000e-02
7.263183593750000000e-02
2.651977539062500000e-01
5.278015136718750000e-01
7.258605957031250000e-01
1.609191894531250000e-01
8.361816406250000000e-03
5.643310546875000000e-01
7.894897460937500000e-01
7.525024414062500000e-01
7.224731445312500000e-01
6.815490722656250000e-01
6.696166992187500000e-01
5.335998535156250000e-01
4.563293457031250000e-01
5.325927734375000000e-01
3.157958984375000000e-01
1.708374023437500000e-01
-8.203125000000000000e-02
-3.623352050781250000e-01
-7.353210449218750000e-01
-9.981689453125000000e-01
-9.900512695312500000e-01
-9.384765625000000000e-01
-9.109191894531250000e-01
-8.869934082031250000e-01
-8.471679687500000000e-01
-8.160400390625000000e-01
-7.745666503906250000e-01
-7.781982421875000000e-01
-7.334594726562500000e-01
-7.097167968750000000e-01
-6.640014648437500000e-01
-6.383361816406250000e-01
-6.012573242187500000e-01
-5.842590332031250000e-01
-5.431823730468750000e-01
-5.120239257812500000e-01
-4.587402343750000000e-01
-2.360839843750000000e-01
2.838134765625000000e-02
2.794189453125000000e-01
4.989624023437500000e-01
7.102355957031250000e-01
9.045104980468750000e-01
9.999694824218750000e-01
9.920349121093750000e-01
9.569396972656250000e-01
8.782958984375000000e-01
8.367309570312500000e-01
8.404846191406250000e-01
8.037109375000000000e-01
7.461853027343750000e-01
6.264343261718750000e-01
5.038452148437500000e-01
3.589782714843750000e-01
2.167358398437500000e-01
4.769897460937500000e-02
-1.017761230468750000e-01
-2.588195800781250000e-01
-4.013671875000000000e-01
-5.552673339843750000e-01
-6.786804199218750000e-01
-8.021545410156250000e-01
-8.410644531250000000e-01
-8.355102539062500000e-01
-6.880798339843750000e-01
-5.771179199218750000e-01
-6.264648437500000000e-01
-5.599670410156250000e-01
-4.924926757812500000e-01
-3.940429687500000000e-01
-3.029785156250000000e-01
-1.934509277343750000e-01
-8.111572265625000000e-02
5.361938476562500000e-02
1.796569824218750000e-01
3.071899414062500000e-01
4.342651367187500000e-01
5.570678710937500000e-01
6.596069335937500000e-01
7.541809082031250000e-01
8.395385742187500000e-01
8.987731933593750000e-01
8.855590820312500000e-01
8.481445312500000000e-01
8.139648437500000000e-01
7.681579589843750000e-01
7.280578613281250000e-01
6.709899902343750000e-01
6.543579101562500000e-01
5.802612304687500000e-01
4.943847656250000000e-01
3.928833007812500000e-01
2.939758300781250000e-01
1.894836425781250000e-01
7.965087890625000000e-02
-4.067993164062500000e-02
-1.593017578125000000e-01
-2.731933593750000000e-01
-3.907470703125000000e-01
-4.955444335937500000e-01
-5.924987792968750000e-01
-6.823730468750000000e-01
-7.646179199218750000e-01
-8.385925292968750000e-01
-8.905334472656250000e-01
-9.146728515625000000e-01
-8.953857421875000000e-01
-8.527221679687500000e-01
-8.139038085937500000e-01
-7.107849121093750000e-01
-6.553649902343750000e-01
-6.121826171875000000e-01
-5.400390625000000000e-01
-4.636840820312500000e-01
-3.818054199218750000e-01
-2.982788085937500000e-01
-2.109069824218750000e-01
-1.188964843750000000e-01
-2.285766601562500000e-02
6.875610351562500000e-02
1.599731445312500000e-01
2.457885742187500000e-01
3.319396972656250000e-01
4.105834960937500000e-01
4.838867187500000000e-01
5.511169433593750000e-01
6.142578125000000000e-01
6.687622070312500000e-01
7.169189453125000000e-01
7.522277832031250000e-01
7.743835449218750000e-01
7.849426269531250000e-01
7.862548828125000000e-01
7.741699218750000000e-01
7.596130371093750000e-01
7.278747558593750000e-01
6.949768066406250000e-01
5.836181640625000000e-01
4.712219238281250000e-01
4.366149902343750000e-01
3.780822753906250000e-01
3.145751953125000000e-01
2.406005859375000000e-01
1.656799316406250000e-01
8.221435546875000000e-02
-3.967285156250000000e-03
-9.356689453125000000e-02
-1.824645996093750000e-01
-2.649536132812500000e-01
-3.451538085937500000e-01
-4.202270507812500000e-01
-4.905700683593750000e-01
-5.535888671875000000e-01
-6.157836914062500000e-01
-6.699829101562500000e-01
-7.199096679687500000e-01
-7.579345703125000000e-01
-7.899475097656250000e-01
-8.083496093750000000e-01
-8.105773925781250000e-01
-8.042602539062500000e-01
-7.893371582031250000e-01
-7.688903808593750000e-01
-7.404479980468750000e-01
-7.095642089843750000e-01
-6.697692871093750000e-01
-6.157836914062500000e-01
-5.147705078125000000e-01
-4.253845214843750000e-01
-3.834838867187500000e-01
-3.253479003906250000e-01
-2.636413574218750000e-01
-1.965942382812500000e-01
-1.266784667968750000e-01
-5.102539062500000000e-02
2.545166015625000000e-02
1.010437011718750000e-01
1.745605468750000000e-01
2.468566894531250000e-01
3.143615722656250000e-01
3.778076171875000000e-01
4.390869140625000000e-01
4.921569824218750000e-01
5.435791015625000000e-01
5.887145996093750000e-01
6.299743652343750000e-01
6.647949218750000000e-01
6.932067871093750000e-01
7.155456542968750000e-01
7.334289550781250000e-01
7.418823242187500000e-01
7.424926757812500000e-01
7.351684570312500000e-01
7.197265625000000000e-01
6.981201171875000000e-01
6.721801757812500000e-01
6.413574218750000000e-01
6.070556640625000000e-01
5.711975097656250000e-01
5.318603515625000000e-01
4.910583496093750000e-01
4.468994140625000000e-01
4.001770019531250000e-01
3.348999023437500000e-01
2.625122070312500000e-01
2.159729003906250000e-01
1.717224121093750000e-01
1.189270019531250000e-01
6.182861328125000000e-02
9.765625000000000000e-04
-6.069946289062500000e-02
-1.249694824218750000e-01
-1.888732910156250000e-01
-2.501220703125000000e-01
-3.085632324218750000e-01
-3.638000488281250000e-01
-4.160766601562500000e-01
-4.642639160156250000e-01
-5.083923339843750000e-01
-5.474853515625000000e-01
-5.832824707031250000e-01
-6.136474609375000000e-01
-6.392822265625000000e-01
-6.612548828125000000e-01
-6.771240234375000000e-01
-6.896362304687500000e-01
-6.975402832031250000e-01
-7.012939453125000000e-01
-6.990966796875000000e-01
-6.914367675781250000e-01
-6.774597167968750000e-01
-6.581115722656250000e-01
-6.343994140625000000e-01
-6.062622070312500000e-01
-5.762023925781250000e-01
-5.432434082031250000e-01
-5.088195800781250000e-01
-4.718017578125000000e-01
-4.347839355468750000e-01
-3.946838378906250000e-01
-3.477478027343750000e-01
-2.805480957031250000e-01
-2.138671875000000000e-01
-1.674804687500000000e-01
-1.191101074218750000e-01
-6.466674804687500000e-02
-1.058959960937500000e-02
4.541015625000000000e-02
1.042175292968750000e-01
1.635742187500000000e-01
2.227783203125000000e-01
2.797241210937500000e-01
3.345031738281250000e-01
3.859558105468750000e-01
4.343566894531250000e-01
4.794616699218750000e-01
5.197448730468750000e-01
5.555419921875000000e-01
5.874328613281250000e-01
6.151428222656250000e-01
6.373901367187500000e-01
6.544189453125000000e-01
6.669921875000000000e-01
6.741027832031250000e-01
6.761779785156250000e-01
6.730041503906250000e-01
6.643981933593750000e-01
6.506042480468750000e-01
6.308593750000000000e-01
6.076354980468750000e-01
5.805358886718750000e-01
5.503234863281250000e-01
5.186767578125000000e-01
4.853820800781250000e-01
4.511718750000000000e-01
4.168701171875000000e-01
3.823852539062500000e-01
3.478088378906250000e-01
3.137207031250000000e-01
2.803039550781250000e-01
2.467041015625000000e-01
2.141723632812500000e-01
1.814270019531250000e-01
1.495971679687500000e-01
1.175537109375000000e-01
8.471679687500000000e-02
5.111694335937500000e-02
1.794433593750000000e-02
-2.221679687500000000e-02
-7.135009765625000000e-02
-1.188964843750000000e-01
-1.660461425781250000e-01
-2.073669433593750000e-01
-2.469482421875000000e-01
-2.890625000000000000e-01
-3.302917480468750000e-01
-3.705444335937500000e-01
-4.105529785156250000e-01
-4.510498046875000000e-01
-4.889221191406250000e-01
-5.255432128906250000e-01
-5.590209960937500000e-01
-5.895080566406250000e-01
-6.160583496093750000e-01
-6.392822265625000000e-01
-6.585998535156250000e-01
-6.741638183593750000e-01
-6.858825683593750000e-01
-6.938781738281250000e-01
-6.978149414062500000e-01
-6.984863281250000000e-01
-6.947326660156250000e-01
-6.853942871093750000e-01
-6.701965332031250000e-01
-6.502990722656250000e-01
-6.261291503906250000e-01
-5.981445312500000000e-01
-5.680236816406250000e-01
-5.353088378906250000e-01
-5.021057128906250000e-01
-4.677124023437500000e-01
-4.331054687500000000e-01
-3.982543945312500000e-01
-3.637695312500000000e-01
-3.295593261718750000e-01
-2.952880859375000000e-01
-2.619323730468750000e-01
-2.290649414062500000e-01
-1.967773437500000000e-01
-1.648254394531250000e-01
-1.338500976562500000e-01
-1.025085449218750000e-01
-7.174682617187500000e-02
-4.064941406250000000e-02
-1.025390625000000000e-02
2.069091796875000000e-02
5.108642578125000000e-02
8.541870117187500000e-02
1.268310546875000000e-01
1.718139648437500000e-01
2.125244140625000000e-01
2.456665039062500000e-01
2.789001464843750000e-01
3.132629394531250000e-01
3.478393554687500000e-01
3.823547363281250000e-01
4.159851074218750000e-01
4.483032226562500000e-01
4.786682128906250000e-01
5.066833496093750000e-01
5.317993164062500000e-01
5.543518066406250000e-01
5.747070312500000000e-01
5.928344726562500000e-01
6.077575683593750000e-01
6.190185546875000000e-01
6.268005371093750000e-01
6.315917968750000000e-01
6.331481933593750000e-01
6.322021484375000000e-01
6.282653808593750000e-01
6.204223632812500000e-01
6.084899902343750000e-01
5.924682617187500000e-01
5.723571777343750000e-01
5.487060546875000000e-01
5.233459472656250000e-01
4.957885742187500000e-01
4.663391113281250000e-01
4.353637695312500000e-01
4.016418457031250000e-01
3.664550781250000000e-01
3.334045410156250000e-01
3.018493652343750000e-01
2.706298828125000000e-01
2.409362792968750000e-01
2.118225097656250000e-01
1.833190917968750000e-01
1.558532714843750000e-01
1.278076171875000000e-01
9.997558593750000000e-02
7.308959960937500000e-02
4.660034179687500000e-02
2.160644531250000000e-02
-2.990722656250000000e-03
-2.630615234375000000e-02
-4.888916015625000000e-02
-7.028198242187500000e-02
-9.100341796875000000e-02
-1.107177734375000000e-01
-1.297302246093750000e-01
-1.476135253906250000e-01
-1.643981933593750000e-01
-1.803894042968750000e-01
-1.954040527343750000e-01
-2.103881835937500000e-01
-2.244567871093750000e-01
-2.409057617187500000e-01
-2.590026855468750000e-01
-2.781372070312500000e-01
-2.976379394531250000e-01
-3.165283203125000000e-01
-3.343505859375000000e-01
-3.494873046875000000e-01
-3.654785156250000000e-01
-3.808898925781250000e-01
-3.968505859375000000e-01
-4.120788574218750000e-01
-4.260864257812500000e-01
-4.392395019531250000e-01
-4.504089355468750000e-01
-4.599304199218750000e-01
-4.671325683593750000e-01
-4.734191894531250000e-01
-4.797058105468750000e-01
-4.840087890625000000e-01
-4.860534667968750000e-01
-4.858398437500000000e-01
-4.831542968750000000e-01
-4.788513183593750000e-01
-4.711608886718750000e-01
-4.607849121093750000e-01
-4.473571777343750000e-01
-4.309082031250000000e-01
-4.121093750000000000e-01
-3.912353515625000000e-01
-3.684997558593750000e-01
-3.446655273437500000e-01
-3.197631835937500000e-01
-2.951660156250000000e-01
-2.691650390625000000e-01
-2.415466308593750000e-01
-2.124023437500000000e-01
-1.835632324218750000e-01
-1.550903320312500000e-01
-1.286621093750000000e-01
-1.021118164062500000e-01
-7.525634765625000000e-02
-4.943847656250000000e-02
-2.377319335937500000e-02
1.434326171875000000e-03
2.560424804687500000e-02
4.806518554687500000e-02
7.067871093750000000e-02
9.310913085937500000e-02
1.136169433593750000e-01
1.326599121093750000e-01
1.502685546875000000e-01
1.667175292968750000e-01
1.820373535156250000e-01
1.961975097656250000e-01
2.093200683593750000e-01
2.215576171875000000e-01
2.325744628906250000e-01
2.428588867187500000e-01
2.522583007812500000e-01
2.610778808593750000e-01
2.701110839843750000e-01
2.791748046875000000e-01
2.905883789062500000e-01
3.059692382812500000e-01
3.211669921875000000e-01
3.342590332031250000e-01
3.438110351562500000e-01
3.539123535156250000e-01
3.642578125000000000e-01
3.751831054687500000e-01
3.857116699218750000e-01
3.957214355468750000e-01
4.050292968750000000e-01
4.128112792968750000e-01
4.194030761718750000e-01
4.238891601562500000e-01
4.273986816406250000e-01
4.306640625000000000e-01
4.325866699218750000e-01
4.325561523437500000e-01
4.309997558593750000e-01
4.273376464843750000e-01
4.223937988281250000e-01
4.149780273437500000e-01
4.059753417968750000e-01
3.940124511718750000e-01
3.805236816406250000e-01
3.645324707031250000e-01
3.470153808593750000e-01
3.283386230468750000e-01
3.084106445312500000e-01
2.879638671875000000e-01
2.664489746093750000e-01
2.449645996093750000e-01
2.232666015625000000e-01
2.010498046875000000e-01
1.791381835937500000e-01
1.572875976562500000e-01
1.338806152343750000e-01
1.075744628906250000e-01
8.074951171875000000e-02
5.590820312500000000e-02
3.219604492187500000e-02
9.216308593750000000e-03
-1.608276367187500000e-02
-4.003906250000000000e-02
-6.356811523437500000e-02
-8.593750000000000000e-02
-1.070861816406250000e-01
-1.290588378906250000e-01
-1.473693847656250000e-01
-1.640625000000000000e-01
-1.794738769531250000e-01
-1.931457519531250000e-01
-2.038574218750000000e-01
-2.149963378906250000e-01
-2.244567871093750000e-01
-2.324523925781250000e-01
-2.385559082031250000e-01
-2.437744140625000000e-01
-2.476196289062500000e-01
-2.504577636718750000e-01
-2.522583007812500000e-01
-2.534484863281250000e-01
-2.539978027343750000e-01
-2.544860839843750000e-01
-2.541198730468750000e-01
-2.535400390625000000e-01
-2.537231445312500000e-01
-2.520751953125000000e-01
-2.508239746093750000e-01
-2.507019042968750000e-01
-2.509765625000000000e-01
-2.520141601562500000e-01
-2.540893554687500000e-01
-2.566833496093750000e-01
-2.593383789062500000e-01
-2.612915039062500000e-01
-2.626953125000000000e-01
-2.645568847656250000e-01
-2.660522460937500000e-01
-2.679748535156250000e-01
-2.693481445312500000e-01
-2.706298828125000000e-01
-2.713317871093750000e-01
-2.727661132812500000e-01
-2.744140625000000000e-01
-2.747802734375000000e-01
-2.743835449218750000e-01
-2.725219726562500000e-01
-2.698059082031250000e-01
-2.656860351562500000e-01
-2.604675292968750000e-01
-2.542114257812500000e-01
-2.468872070312500000e-01
-2.384033203125000000e-01
-2.288818359375000000e-01
-2.178955078125000000e-01
-2.062377929687500000e-01
-1.932678222656250000e-01
-1.796569824218750000e-01
-1.653442382812500000e-01
-1.499633789062500000e-01
-1.345520019531250000e-01
-1.181640625000000000e-01
-1.004028320312500000e-01
-8.041381835937500000e-02
-5.795288085937500000e-02
-3.863525390625000000e-02
-2.313232421875000000e-02
-6.317138671875000000e-03
1.129150390625000000e-02
2.975463867187500000e-02
4.953002929687500000e-02
6.893920898437500000e-02
8.590698242187500000e-02
1.029663085937500000e-01
1.187438964843750000e-01
1.336669921875000000e-01
1.475524902343750000e-01
1.603393554687500000e-01
1.726684570312500000e-01
1.831970214843750000e-01
1.925354003906250000e-01
2.009277343750000000e-01
2.089538574218750000e-01
2.157592773437500000e-01
2.216186523437500000e-01
2.261657714843750000e-01
2.301635742187500000e-01
2.330627441406250000e-01
2.352600097656250000e-01
2.367248535156250000e-01
2.376098632812500000e-01
2.375488281250000000e-01
2.378540039062500000e-01
2.373962402343750000e-01
2.374877929687500000e-01
2.378540039062500000e-01
2.390747070312500000e-01
2.414550781250000000e-01
2.448120117187500000e-01
2.490844726562500000e-01
2.518920898437500000e-01
2.533264160156250000e-01
2.552490234375000000e-01
2.576293945312500000e-01
2.601623535156250000e-01
2.622985839843750000e-01
2.642517089843750000e-01
2.652893066406250000e-01
2.656250000000000000e-01
2.651977539062500000e-01
2.640075683593750000e-01
2.618713378906250000e-01
2.608337402343750000e-01
2.594299316406250000e-01
2.567749023437500000e-01
2.529907226562500000e-01
2.478942871093750000e-01
2.417907714843750000e-01
2.342834472656250000e-01
2.250976562500000000e-01
2.150573730468750000e-01
2.037658691406250000e-01
1.918945312500000000e-01
1.785888671875000000e-01
1.652221679687500000e-01
1.509399414062500000e-01
1.366577148437500000e-01
1.218261718750000000e-01
1.071472167968750000e-01
9.219360351562500000e-02
7.720947265625000000e-02
6.195068359375000000e-02
4.708862304687500000e-02
3.112792968750000000e-02
1.446533203125000000e-02
-4.760742187500000000e-03
-2.383422851562500000e-02
-4.052734375000000000e-02
-5.661010742187500000e-02
-7.333374023437500000e-02
-9.057617187500000000e-02
-1.081848144531250000e-01
-1.245117187500000000e-01
-1.413879394531250000e-01
-1.564941406250000000e-01
-1.702575683593750000e-01
-1.844787597656250000e-01
-1.971740722656250000e-01
-2.082214355468750000e-01
-2.181396484375000000e-01
-2.265319824218750000e-01
-2.333984375000000000e-01
-2.391662597656250000e-01
-2.437438964843750000e-01
-2.459716796875000000e-01
-2.475585937500000000e-01
-2.489929199218750000e-01
-2.490234375000000000e-01
-2.481079101562500000e-01
-2.463989257812500000e-01
-2.435607910156250000e-01
-2.404785156250000000e-01
-2.364501953125000000e-01
-2.316894531250000000e-01
-2.269287109375000000e-01
-2.226867675781250000e-01
-2.180480957031250000e-01
-2.131347656250000000e-01
-2.087402343750000000e-01
-2.033386230468750000e-01
-1.989440917968750000e-01
-1.942138671875000000e-01
-1.893310546875000000e-01
-1.853942871093750000e-01
-1.813964843750000000e-01
-1.771850585937500000e-01
-1.744079589843750000e-01
-1.721191406250000000e-01
-1.699523925781250000e-01
-1.683654785156250000e-01
-1.660766601562500000e-01
-1.637573242187500000e-01
-1.617736816406250000e-01
-1.593322753906250000e-01
-1.568908691406250000e-01
-1.559143066406250000e-01
-1.552124023437500000e-01
-1.535644531250000000e-01
-1.517333984375000000e-01
-1.487731933593750000e-01
-1.454772949218750000e-01
-1.414184570312500000e-01
-1.369018554687500000e-01
-1.316528320312500000e-01
-1.258850097656250000e-01
-1.193542480468750000e-01
-1.125183105468750000e-01
-1.048583984375000000e-01
-9.689331054687500000e-02
-8.847045898437500000e-02
-7.934570312500000000e-02
-7.012939453125000000e-02
-5.996704101562500000e-02
-4.998779296875000000e-02
-3.918457031250000000e-02
-2.825927734375000000e-02
-1.663208007812500000e-02
-4.272460937500000000e-03
1.055908203125000000e-02
2.575683593750000000e-02
3.839111328125000000e-02
5.059814453125000000e-02
5.999755859375000000e-02
7.092285156250000000e-02
8.288574218750000000e-02
9.539794921875000000e-02
1.067810058593750000e-01
1.177978515625000000e-01
1.282653808593750000e-01
1.386718750000000000e-01
1.473388671875000000e-01
1.553344726562500000e-01
1.630554199218750000e-01
1.697387695312500000e-01
1.763305664062500000e-01
1.823425292968750000e-01
1.873474121093750000e-01
1.920471191406250000e-01
1.958618164062500000e-01
1.980285644531250000e-01
1.998291015625000000e-01
2.012939453125000000e-01
2.022399902343750000e-01
2.026672363281250000e-01
2.024230957031250000e-01
2.015686035156250000e-01
2.000732421875000000e-01
1.981201171875000000e-01
1.962280273437500000e-01
1.935119628906250000e-01
1.922912597656250000e-01
1.907653808593750000e-01
1.893920898437500000e-01
1.878967285156250000e-01
1.875305175781250000e-01
1.869812011718750000e-01
1.862182617187500000e-01
1.866149902343750000e-01
1.859436035156250000e-01
1.848144531250000000e-01
1.841125488281250000e-01
1.831359863281250000e-01
1.820373535156250000e-01
1.809082031250000000e-01
1.791992187500000000e-01
1.772155761718750000e-01
1.748657226562500000e-01
1.719055175781250000e-01
1.701354980468750000e-01
1.678771972656250000e-01
1.645812988281250000e-01
1.606140136718750000e-01
1.553955078125000000e-01
1.492614746093750000e-01
1.420898437500000000e-01
1.340026855468750000e-01
1.251525878906250000e-01
1.157836914062500000e-01
1.058349609375000000e-01
9.561157226562500000e-02
8.508300781250000000e-02
7.446289062500000000e-02
6.369018554687500000e-02
5.285644531250000000e-02
4.217529296875000000e-02
3.140258789062500000e-02
2.066040039062500000e-02
9.979248046875000000e-03
-1.007080078125000000e-03
-1.211547851562500000e-02
-2.355957031250000000e-02
-3.637695312500000000e-02
-4.934692382812500000e-02
-6.240844726562500000e-02
-7.452392578125000000e-02
-8.541870117187500000e-02
-9.591674804687500000e-02
-1.064758300781250000e-01
-1.181945800781250000e-01
-1.294860839843750000e-01
-1.398925781250000000e-01
-1.500854492187500000e-01
-1.592407226562500000e-01
-1.682739257812500000e-01
-1.759033203125000000e-01
-1.832580566406250000e-01
-1.902465820312500000e-01
-1.954345703125000000e-01
-2.006225585937500000e-01
-2.044372558593750000e-01
-2.076110839843750000e-01
-2.107238769531250000e-01
-2.118835449218750000e-01
-2.121582031250000000e-01
-2.122192382812500000e-01
-2.113952636718750000e-01
-2.102355957031250000e-01
-2.087097167968750000e-01
-2.060546875000000000e-01
-2.030944824218750000e-01
-1.998291015625000000e-01
-1.960144042968750000e-01
-1.923828125000000000e-01
-1.883239746093750000e-01
-1.841125488281250000e-01
-1.801452636718750000e-01
-1.754455566406250000e-01
-1.708679199218750000e-01
-1.667785644531250000e-01
-1.624450683593750000e-01
-1.583251953125000000e-01
-1.542663574218750000e-01
-1.495361328125000000e-01
-1.455383300781250000e-01
-1.415405273437500000e-01
-1.372680664062500000e-01
-1.335754394531250000e-01
-1.305847167968750000e-01
-1.271057128906250000e-01
-1.234130859375000000e-01
-1.198730468750000000e-01
-1.159362792968750000e-01
-1.131591796875000000e-01
-1.105346679687500000e-01
-1.075744628906250000e-01
-1.042785644531250000e-01
-1.008300781250000000e-01
-9.710693359375000000e-02
-9.320068359375000000e-02
-8.914184570312500000e-02
-8.462524414062500000e-02
-7.977294921875000000e-02
-7.431030273437500000e-02
-6.863403320312500000e-02
-6.237792968750000000e-02
-5.590820312500000000e-02
-4.925537109375000000e-02
-4.220581054687500000e-02
-3.515625000000000000e-02
-2.774047851562500000e-02
-2.026367187500000000e-02
-1.248168945312500000e-02
-4.730224609375000000e-03
3.448486328125000000e-03
1.174926757812500000e-02
2.056884765625000000e-02
2.999877929687500000e-02
4.025268554687500000e-02
4.946899414062500000e-02
5.859375000000000000e-02
6.790161132812500000e-02
7.516479492187500000e-02
8.151245117187500000e-02
8.953857421875000000e-02
9.747314453125000000e-02
1.052246093750000000e-01
1.126708984375000000e-01
1.195068359375000000e-01
1.258850097656250000e-01
1.318969726562500000e-01
1.372680664062500000e-01
1.422119140625000000e-01
1.471252441406250000e-01
1.513671875000000000e-01
1.551818847656250000e-01
1.593933105468750000e-01
1.623229980468750000e-01
1.647949218750000000e-01
1.666259765625000000e-01
1.678466796875000000e-01
1.683959960937500000e-01
1.683349609375000000e-01
1.682128906250000000e-01
1.676025390625000000e-01
1.665954589843750000e-01
1.649169921875000000e-01
1.634826660156250000e-01
1.610717773437500000e-01
1.595458984375000000e-01
1.569213867187500000e-01
1.549072265625000000e-01
1.539611816406250000e-01
1.521606445312500000e-01
1.504211425781250000e-01
1.483764648437500000e-01
1.470947265625000000e-01
1.454772949218750000e-01
1.435852050781250000e-01
1.418151855468750000e-01
1.398925781250000000e-01
1.377868652343750000e-01
1.359863281250000000e-01
1.336669921875000000e-01
1.312866210937500000e-01
1.288146972656250000e-01
1.256713867187500000e-01
1.236877441406250000e-01
1.207885742187500000e-01
1.176757812500000000e-01
1.136779785156250000e-01
1.091003417968750000e-01
1.038208007812500000e-01
9.799194335937500000e-02
9.155273437500000000e-02
8.486938476562500000e-02
7.763671875000000000e-02
7.025146484375000000e-02
6.265258789062500000e-02
5.505371093750000000e-02
4.748535156250000000e-02
3.991699218750000000e-02
3.219604492187500000e-02
2.462768554687500000e-02
1.663208007812500000e-02
9.063720703125000000e-03
1.251220703125000000e-03
-6.500244140625000000e-03
-1.464843750000000000e-02
-2.279663085937500000e-02
-3.125000000000000000e-02
-3.970336914062500000e-02
-4.821777343750000000e-02
-5.676269531250000000e-02
-6.481933593750000000e-02
-7.244873046875000000e-02
-7.937622070312500000e-02
-8.657836914062500000e-02
-9.426879882812500000e-02
-1.016845703125000000e-01
-1.084899902343750000e-01
-1.154174804687500000e-01
-1.214904785156250000e-01
-1.278381347656250000e-01
-1.333618164062500000e-01
-1.387634277343750000e-01
-1.433105468750000000e-01
-1.479797363281250000e-01
-1.517639160156250000e-01
-1.553955078125000000e-01
-1.585388183593750000e-01
-1.607055664062500000e-01
-1.626281738281250000e-01
-1.637878417968750000e-01
-1.646118164062500000e-01
-1.646118164062500000e-01
-1.645202636718750000e-01
-1.634826660156250000e-01
-1.622619628906250000e-01
-1.610107421875000000e-01
-1.593017578125000000e-01
-1.567382812500000000e-01
-1.544494628906250000e-01
-1.523437500000000000e-01
-1.495666503906250000e-01
-1.469421386718750000e-01
-1.438293457031250000e-01
-1.406555175781250000e-01
-1.377563476562500000e-01
-1.347351074218750000e-01
-1.315612792968750000e-01
-1.282653808593750000e-01
-1.246643066406250000e-01
-1.216735839843750000e-01
-1.177062988281250000e-01
-1.145019531250000000e-01
-1.109924316406250000e-01
-1.076049804687500000e-01
-1.039733886718750000e-01
-1.002807617187500000e-01
-9.689331054687500000e-02
-9.356689453125000000e-02
-9.048461914062500000e-02
-8.700561523437500000e-02
-8.328247070312500000e-02
-7.965087890625000000e-02
-7.562255859375000000e-02
-7.131958007812500000e-02
-6.707763671875000000e-02
-6.207275390625000000e-02
-5.752563476562500000e-02
-5.218505859375000000e-02
-4.721069335937500000e-02
-4.159545898437500000e-02
-3.622436523437500000e-02
-3.060913085937500000e-02
-2.490234375000000000e-02
-1.934814453125000000e-02
-1.348876953125000000e-02
-7.904052734375000000e-03
-2.197265625000000000e-03
3.479003906250000000e-03
9.399414062500000000e-03
1.522827148437500000e-02
2.124023437500000000e-02
2.749633789062500000e-02
3.414916992187500000e-02
4.074096679687500000e-02
4.742431640625000000e-02
5.413818359375000000e-02
6.088256835937500000e-02
6.686401367187500000e-02
7.238769531250000000e-02
7.730102539062500000e-02
8.294677734375000000e-02
8.816528320312500000e-02
9.368896484375000000e-02
9.875488281250000000e-02
1.038208007812500000e-01
1.084899902343750000e-01
1.122436523437500000e-01
1.161804199218750000e-01
1.198730468750000000e-01
1.234130859375000000e-01
1.261596679687500000e-01
1.291198730468750000e-01
1.317749023437500000e-01
1.338195800781250000e-01
1.350402832031250000e-01
1.369323730468750000e-01
1.374511718750000000e-01
1.378479003906250000e-01
1.376647949218750000e-01
1.367187500000000000e-01
1.358947753906250000e-01
1.347351074218750000e-01
1.329345703125000000e-01
1.315917968750000000e-01
1.297302246093750000e-01
1.279296875000000000e-01
1.258544921875000000e-01
1.236877441406250000e-01
1.216735839843750000e-01
1.194763183593750000e-01
1.173706054687500000e-01
1.153564453125000000e-01
1.133422851562500000e-01
1.115722656250000000e-01
1.090393066406250000e-01
1.068725585937500000e-01
1.046752929687500000e-01
1.024780273437500000e-01
1.001892089843750000e-01
9.765625000000000000e-02
9.533691406250000000e-02
9.292602539062500000e-02
9.030151367187500000e-02
8.728027343750000000e-02
8.407592773437500000e-02
8.041381835937500000e-02
7.638549804687500000e-02
7.205200195312500000e-02
6.723022460937500000e-02
6.240844726562500000e-02
5.715942382812500000e-02
5.194091796875000000e-02
4.623413085937500000e-02
4.067993164062500000e-02
3.503417968750000000e-02
2.935791015625000000e-02
2.374267578125000000e-02
1.800537109375000000e-02
1.235961914062500000e-02
6.774902343750000000e-03
1.098632812500000000e-03
-4.547119140625000000e-03
-1.019287109375000000e-02
-1.596069335937500000e-02
-2.154541015625000000e-02
-2.713012695312500000e-02
-3.289794921875000000e-02
-3.826904296875000000e-02
-4.391479492187500000e-02
-4.913330078125000000e-02
-5.484008789062500000e-02
-5.975341796875000000e-02
-6.454467773437500000e-02
-6.948852539062500000e-02
-7.403564453125000000e-02
-7.901000976562500000e-02
-8.337402343750000000e-02
-8.779907226562500000e-02
-9.216308593750000000e-02
-9.597778320312500000e-02
-9.985351562500000000e-02
-1.029052734375000000e-01
-1.065063476562500000e-01
-1.098022460937500000e-01
-1.126098632812500000e-01
-1.150817871093750000e-01
-1.173706054687500000e-01
-1.192626953125000000e-01
-1.209106445312500000e-01
-1.220092773437500000e-01
-1.228332519531250000e-01
-1.232299804687500000e-01
-1.235351562500000000e-01
-1.234741210937500000e-01
-1.231994628906250000e-01
-1.225891113281250000e-01
-1.217651367187500000e-01
-1.206359863281250000e-01
-1.195373535156250000e-01
-1.181640625000000000e-01
-1.165771484375000000e-01
-1.147155761718750000e-01
-1.129760742187500000e-01
-1.113586425781250000e-01
-1.094360351562500000e-01
-1.066284179687500000e-01
-1.045227050781250000e-01
-1.021423339843750000e-01
-1.000061035156250000e-01
-9.750366210937500000e-02
-9.475708007812500000e-02
-9.219360351562500000e-02
-8.935546875000000000e-02
-8.648681640625000000e-02
-8.364868164062500000e-02
-8.044433593750000000e-02
-7.733154296875000000e-02
-7.415771484375000000e-02
-7.098388671875000000e-02
-6.756591796875000000e-02
-6.375122070312500000e-02
-5.975341796875000000e-02
-5.581665039062500000e-02
-5.139160156250000000e-02
-4.727172851562500000e-02
-4.269409179687500000e-02
-3.823852539062500000e-02
-3.366088867187500000e-02
-2.896118164062500000e-02
-2.438354492187500000e-02
-1.968383789062500000e-02
-1.504516601562500000e-02
-1.055908203125000000e-02
-5.889892578125000000e-03
-1.464843750000000000e-03
3.204345703125000000e-03
7.659912109375000000e-03
1.232910156250000000e-02
1.690673828125000000e-02
2.166748046875000000e-02
2.624511718750000000e-02
3.106689453125000000e-02
3.591918945312500000e-02
4.074096679687500000e-02
4.547119140625000000e-02
5.032348632812500000e-02
5.517578125000000000e-02
5.941772460937500000e-02
6.341552734375000000e-02
6.674194335937500000e-02
7.049560546875000000e-02
7.437133789062500000e-02
7.797241210937500000e-02
8.132934570312500000e-02
8.450317382812500000e-02
8.795166015625000000e-02
9.048461914062500000e-02
9.320068359375000000e-02
9.582519531250000000e-02
9.832763671875000000e-02
1.002197265625000000e-01
1.023864746093750000e-01
1.041564941406250000e-01
1.051025390625000000e-01
1.062316894531250000e-01
1.070556640625000000e-01
1.080627441406250000e-01
1.079101562500000000e-01
1.079406738281250000e-01
1.070251464843750000e-01
1.063842773437500000e-01
1.052246093750000000e-01
1.036987304687500000e-01
1.024780273437500000e-01
1.011047363281250000e-01
9.909057617187500000e-02
9.741210937500000000e-02
9.558105468750000000e-02
9.353637695312500000e-02
9.146118164062500000e-02
8.944702148437500000e-02
8.724975585937500000e-02
8.514404296875000000e-02
8.316040039062500000e-02
8.117675781250000000e-02
7.904052734375000000e-02
7.711791992187500000e-02
7.492065429687500000e-02
7.269287109375000000e-02
7.031250000000000000e-02
6.799316406250000000e-02
6.533813476562500000e-02
6.280517578125000000e-02
6.045532226562500000e-02
5.792236328125000000e-02
5.487060546875000000e-02
5.203247070312500000e-02
4.849243164062500000e-02
4.525756835937500000e-02
4.135131835937500000e-02
3.765869140625000000e-02
3.372192382812500000e-02
2.972412109375000000e-02
2.563476562500000000e-02
2.154541015625000000e-02
1.742553710937500000e-02
1.333618164062500000e-02
9.185791015625000000e-03
5.065917968750000000e-03
9.765625000000000000e-04
-3.295898437500000000e-03
-7.507324218750000000e-03
-1.153564453125000000e-02
-1.593017578125000000e-02
-1.998901367187500000e-02
-2.401733398437500000e-02
-2.822875976562500000e-02
-3.216552734375000000e-02
-3.625488281250000000e-02
-4.025268554687500000e-02
-4.428100585937500000e-02
-4.818725585937500000e-02
-5.166625976562500000e-02
-5.477905273437500000e-02
-5.798339843750000000e-02
-6.130981445312500000e-02
-6.457519531250000000e-02
-6.753540039062500000e-02
-7.070922851562500000e-02
-7.342529296875000000e-02
-7.598876953125000000e-02
-7.855224609375000000e-02
-8.047485351562500000e-02
-8.282470703125000000e-02
-8.468627929687500000e-02
-8.642578125000000000e-02
-8.810424804687500000e-02
-8.917236328125000000e-02
-9.060668945312500000e-02
-9.118652343750000000e-02
-9.155273437500000000e-02
-9.176635742187500000e-02
-9.179687500000000000e-02
-9.106445312500000000e-02
-9.115600585937500000e-02
-9.030151367187500000e-02
-8.956909179687500000e-02
-8.877563476562500000e-02
-8.758544921875000000e-02
-8.624267578125000000e-02
-8.505249023437500000e-02
-8.322143554687500000e-02
-8.187866210937500000e-02
-8.001708984375000000e-02
-7.818603515625000000e-02
-7.644653320312500000e-02
-7.461547851562500000e-02
-7.254028320312500000e-02
-7.049560546875000000e-02
-6.814575195312500000e-02
-6.610107421875000000e-02
-6.350708007812500000e-02
-6.127929687500000000e-02
-5.877685546875000000e-02
-5.621337890625000000e-02
-5.368041992187500000e-02
-5.084228515625000000e-02
-4.812622070312500000e-02
-4.534912109375000000e-02
-4.238891601562500000e-02
-3.961181640625000000e-02
-3.710937500000000000e-02
-3.439331054687500000e-02
-3.164672851562500000e-02
-2.850341796875000000e-02
-2.566528320312500000e-02
-2.243041992187500000e-02
-1.956176757812500000e-02
-1.626586914062500000e-02
-1.324462890625000000e-02
-1.000976562500000000e-02
-6.988525390625000000e-03
-3.662109375000000000e-03
-5.493164062500000000e-04
2.685546875000000000e-03
5.920410156250000000e-03
9.246826171875000000e-03
1.251220703125000000e-02
1.596069335937500000e-02
1.892089843750000000e-02
2.239990234375000000e-02
2.560424804687500000e-02
2.880859375000000000e-02
3.210449218750000000e-02
3.530883789062500000e-02
3.845214843750000000e-02
4.171752929687500000e-02
4.479980468750000000e-02
4.760742187500000000e-02
4.965209960937500000e-02
5.218505859375000000e-02
5.468750000000000000e-02
5.715942382812500000e-02
5.950927734375000000e-02
6.188964843750000000e-02
6.405639648437500000e-02
6.591796875000000000e-02
6.762695312500000000e-02
6.964111328125000000e-02
7.104492187500000000e-02
7.263183593750000000e-02
7.379150390625000000e-02
7.534790039062500000e-02
7.608032226562500000e-02
7.690429687500000000e-02
7.751464843750000000e-02
7.797241210937500000e-02
7.809448242187500000e-02
7.797241210937500000e-02
7.781982421875000000e-02
7.720947265625000000e-02
7.647705078125000000e-02
7.562255859375000000e-02
7.473754882812500000e-02
7.342529296875000000e-02
7.257080078125000000e-02
7.122802734375000000e-02
6.985473632812500000e-02
6.826782226562500000e-02
6.671142578125000000e-02
6.552124023437500000e-02
6.378173828125000000e-02
6.225585937500000000e-02
6.054687500000000000e-02
5.917358398437500000e-02
5.752563476562500000e-02
5.587768554687500000e-02
5.438232421875000000e-02
5.255126953125000000e-02
5.096435546875000000e-02
4.898071289062500000e-02
4.708862304687500000e-02
4.492187500000000000e-02
4.281616210937500000e-02
4.034423828125000000e-02
3.814697265625000000e-02
3.546142578125000000e-02
3.338623046875000000e-02
3.118896484375000000e-02
2.877807617187500000e-02
2.621459960937500000e-02
2.349853515625000000e-02
2.053833007812500000e-02
1.779174804687500000e-02
1.467895507812500000e-02
1.162719726562500000e-02
8.728027343750000000e-03
5.371093750000000000e-03
2.532958984375000000e-03
-8.544921875000000000e-04
-3.936767578125000000e-03
-6.958007812500000000e-03
-1.028442382812500000e-02
-1.321411132812500000e-02
-1.641845703125000000e-02
-1.940917968750000000e-02
-2.249145507812500000e-02
-2.563476562500000000e-02
-2.856445312500000000e-02
-3.161621093750000000e-02
-3.475952148437500000e-02
-3.732299804687500000e-02
-4.003906250000000000e-02
-4.241943359375000000e-02
-4.501342773437500000e-02
-4.742431640625000000e-02
-4.974365234375000000e-02
-5.206298828125000000e-02
-5.429077148437500000e-02
-5.624389648437500000e-02
-5.813598632812500000e-02
-5.987548828125000000e-02
-6.149291992187500000e-02
-6.295776367187500000e-02
-6.448364257812500000e-02
-6.549072265625000000e-02
-6.677246093750000000e-02
-6.771850585937500000e-02
-6.823730468750000000e-02
-6.872558593750000000e-02
-6.903076171875000000e-02
-6.906127929687500000e-02
-6.921386718750000000e-02
-6.857299804687500000e-02
-6.842041015625000000e-02
-6.799316406250000000e-02
-6.704711914062500000e-02
-6.634521484375000000e-02
-6.536865234375000000e-02
-6.433105468750000000e-02
-6.311035156250000000e-02
-6.170654296875000000e-02
-6.039428710937500000e-02
-5.868530273437500000e-02
-5.709838867187500000e-02
-5.545043945312500000e-02
-5.368041992187500000e-02
-5.191040039062500000e-02
-4.998779296875000000e-02
-4.797363281250000000e-02
-4.605102539062500000e-02
-4.391479492187500000e-02
-4.180908203125000000e-02
-3.973388671875000000e-02
-3.750610351562500000e-02
-3.527832031250000000e-02
-3.341674804687500000e-02
-3.112792968750000000e-02
-2.871704101562500000e-02
-2.636718750000000000e-02
-2.398681640625000000e-02
-2.148437500000000000e-02
-1.928710937500000000e-02
-1.693725585937500000e-02
-1.467895507812500000e-02
-1.248168945312500000e-02
-9.979248046875000000e-03
-7.812500000000000000e-03
-5.432128906250000000e-03
-3.051757812500000000e-03
-8.239746093750000000e-04
1.434326171875000000e-03
3.662109375000000000e-03
5.889892578125000000e-03
7.354736328125000000e-03
8.941650390625000000e-03
1.037597656250000000e-02
1.239013671875000000e-02
1.422119140625000000e-02
1.626586914062500000e-02
1.852416992187500000e-02
2.050781250000000000e-02
2.288818359375000000e-02
2.511596679687500000e-02
2.740478515625000000e-02
2.957153320312500000e-02
3.173828125000000000e-02
3.414916992187500000e-02
3.616333007812500000e-02
3.784179687500000000e-02
3.945922851562500000e-02
4.141235351562500000e-02
4.266357421875000000e-02
4.479980468750000000e-02
4.614257812500000000e-02
4.776000976562500000e-02
4.904174804687500000e-02
5.023193359375000000e-02
5.126953125000000000e-02
5.221557617187500000e-02
5.322265625000000000e-02
5.386352539062500000e-02
5.450439453125000000e-02
5.529785156250000000e-02
5.575561523437500000e-02
5.612182617187500000e-02
5.612182617187500000e-02
5.606079101562500000e-02
5.587768554687500000e-02
5.578613281250000000e-02
5.511474609375000000e-02
5.432128906250000000e-02
5.377197265625000000e-02
5.270385742187500000e-02
5.163574218750000000e-02
5.056762695312500000e-02
4.919433593750000000e-02
4.797363281250000000e-02
4.660034179687500000e-02
4.516601562500000000e-02
4.376220703125000000e-02
4.190063476562500000e-02
4.086303710937500000e-02
3.924560546875000000e-02
3.796386718750000000e-02
3.652954101562500000e-02
3.506469726562500000e-02
3.359985351562500000e-02
3.228759765625000000e-02
3.063964843750000000e-02
2.926635742187500000e-02
2.746582031250000000e-02
2.609252929687500000e-02
2.432250976562500000e-02
2.273559570312500000e-02
2.096557617187500000e-02
1.907348632812500000e-02
1.748657226562500000e-02
1.544189453125000000e-02
1.373291015625000000e-02
1.193237304687500000e-02
9.887695312500000000e-03
8.117675781250000000e-03
5.950927734375000000e-03
4.272460937500000000e-03
2.197265625000000000e-03
3.356933593750000000e-04
-1.556396484375000000e-03
-3.570556640625000000e-03
-5.523681640625000000e-03
-7.385253906250000000e-03
-9.368896484375000000e-03
-1.123046875000000000e-02
-1.324462890625000000e-02
-1.507568359375000000e-02
-1.687622070312500000e-02
-1.892089843750000000e-02
-2.062988281250000000e-02
-2.261352539062500000e-02
-2.423095703125000000e-02
-2.618408203125000000e-02
-2.755737304687500000e-02
-2.923583984375000000e-02
-3.070068359375000000e-02
-3.195190429687500000e-02
-3.341674804687500000e-02
-3.472900390625000000e-02
-3.582763671875000000e-02
-3.698730468750000000e-02
-3.805541992187500000e-02
-3.890991210937500000e-02
-3.982543945312500000e-02
-4.034423828125000000e-02
-4.125976562500000000e-02
-4.159545898437500000e-02
-4.235839843750000000e-02
-4.232788085937500000e-02
-4.278564453125000000e-02
-4.284667968750000000e-02
-4.290771484375000000e-02
-4.278564453125000000e-02
-4.238891601562500000e-02
-4.226684570312500000e-02
-4.183959960937500000e-02
-4.135131835937500000e-02
-4.089355468750000000e-02
-4.025268554687500000e-02
-3.948974609375000000e-02
-3.875732421875000000e-02
-3.790283203125000000e-02
-3.680419921875000000e-02
-3.588867187500000000e-02
-3.475952148437500000e-02
-3.363037109375000000e-02
-3.256225585937500000e-02
-3.128051757812500000e-02
-3.015136718750000000e-02
-2.880859375000000000e-02
-2.749633789062500000e-02
-2.606201171875000000e-02
-2.465820312500000000e-02
-2.319335937500000000e-02
-2.191162109375000000e-02
-2.041625976562500000e-02
-1.907348632812500000e-02
-1.773071289062500000e-02
-1.623535156250000000e-02
-1.477050781250000000e-02
-1.351928710937500000e-02
-1.190185546875000000e-02
-1.058959960937500000e-02
-9.155273437500000000e-03
-7.751464843750000000e-03
-6.469726562500000000e-03
-4.882812500000000000e-03
-3.845214843750000000e-03
-2.410888671875000000e-03
-1.129150390625000000e-03
3.051757812500000000e-05
1.434326171875000000e-03
2.471923828125000000e-03
3.875732421875000000e-03
4.943847656250000000e-03
6.256103515625000000e-03
7.354736328125000000e-03
8.453369140625000000e-03
9.735107421875000000e-03
1.080322265625000000e-02
1.199340820312500000e-02
1.315307617187500000e-02
1.437377929687500000e-02
1.538085937500000000e-02
1.635742187500000000e-02
1.757812500000000000e-02
1.846313476562500000e-02
1.956176757812500000e-02
2.038574218750000000e-02
2.142333984375000000e-02
2.221679687500000000e-02
2.313232421875000000e-02
2.368164062500000000e-02
2.435302734375000000e-02
2.490234375000000000e-02
2.554321289062500000e-02
2.593994140625000000e-02
2.670288085937500000e-02
2.691650390625000000e-02
2.725219726562500000e-02
2.767944335937500000e-02
2.764892578125000000e-02
2.807617187500000000e-02
2.792358398437500000e-02
2.807617187500000000e-02
2.798461914062500000e-02
2.804565429687500000e-02
2.777099609375000000e-02
2.764892578125000000e-02
2.725219726562500000e-02
2.679443359375000000e-02
2.664184570312500000e-02
2.600097656250000000e-02
2.548217773437500000e-02
2.493286132812500000e-02
2.420043945312500000e-02
2.368164062500000000e-02
2.291870117187500000e-02
2.215576171875000000e-02
2.157592773437500000e-02
2.069091796875000000e-02
1.983642578125000000e-02
1.907348632812500000e-02
1.821899414062500000e-02
1.736450195312500000e-02
1.635742187500000000e-02
1.568603515625000000e-02
1.486206054687500000e-02
1.406860351562500000e-02
1.321411132812500000e-02
1.235961914062500000e-02
1.165771484375000000e-02
1.077270507812500000e-02
9.887695312500000000e-03
9.124755859375000000e-03
8.270263671875000000e-03
7.415771484375000000e-03
6.652832031250000000e-03
5.798339843750000000e-03
5.004882812500000000e-03
4.119873046875000000e-03
3.295898437500000000e-03
2.532958984375000000e-03
1.556396484375000000e-03
8.544921875000000000e-04
-6.103515625000000000e-05
-8.239746093750000000e-04
-1.647949218750000000e-03
-2.349853515625000000e-03
-3.143310546875000000e-03
-4.058837890625000000e-03
-4.760742187500000000e-03
-5.462646484375000000e-03
-6.134033203125000000e-03
-6.988525390625000000e-03
-7.507324218750000000e-03
-8.239746093750000000e-03
-8.972167968750000000e-03
-9.490966796875000000e-03
-1.022338867187500000e-02
-1.068115234375000000e-02
-1.144409179687500000e-02
-1.181030273437500000e-02
-1.242065429687500000e-02
-1.278686523437500000e-02
-1.330566406250000000e-02
-1.382446289062500000e-02
-1.403808593750000000e-02
-1.455688476562500000e-02
-1.489257812500000000e-02
-1.522827148437500000e-02
-1.541137695312500000e-02
-1.580810546875000000e-02
-1.586914062500000000e-02
-1.620483398437500000e-02
-1.620483398437500000e-02
-1.644897460937500000e-02
-1.635742187500000000e-02
-1.651000976562500000e-02
-1.647949218750000000e-02
-1.638793945312500000e-02
-1.620483398437500000e-02
-1.614379882812500000e-02
-1.599121093750000000e-02
-1.580810546875000000e-02
-1.550292968750000000e-02
-1.516723632812500000e-02
-1.495361328125000000e-02
-1.461791992187500000e-02
-1.419067382812500000e-02
-1.382446289062500000e-02
-1.342773437500000000e-02
-1.296997070312500000e-02
-1.248168945312500000e-02
-1.211547851562500000e-02
-1.162719726562500000e-02
-1.110839843750000000e-02
-1.074218750000000000e-02
-1.007080078125000000e-02
-9.674072265625000000e-03
-9.063720703125000000e-03
-8.575439453125000000e-03
-7.965087890625000000e-03
-7.354736328125000000e-03
-6.835937500000000000e-03
-6.195068359375000000e-03
-5.767822265625000000e-03
-5.126953125000000000e-03
-4.547119140625000000e-03
-3.997802734375000000e-03
-3.448486328125000000e-03
-2.807617187500000000e-03
-2.349853515625000000e-03
-1.770019531250000000e-03
-1.312255859375000000e-03
-6.713867187500000000e-04
-3.967285156250000000e-04
2.746582031250000000e-04
7.324218750000000000e-04
1.159667968750000000e-03
1.708984375000000000e-03
2.044677734375000000e-03
2.502441406250000000e-03
2.929687500000000000e-03
3.295898437500000000e-03
3.784179687500000000e-03
4.058837890625000000e-03
4.455566406250000000e-03
4.760742187500000000e-03
5.004882812500000000e-03
5.432128906250000000e-03
5.645751953125000000e-03
5.920410156250000000e-03
6.195068359375000000e-03
6.317138671875000000e-03
6.500244140625000000e-03
6.896972656250000000e-03
6.896972656250000000e-03
7.202148437500000000e-03
7.324218750000000000e-03
7.415771484375000000e-03
7.598876953125000000e-03
7.507324218750000000e-03
7.720947265625000000e-03
7.629394531250000000e-03
7.781982421875000000e-03
7.720947265625000000e-03
7.812500000000000000e-03
7.720947265625000000e-03
7.812500000000000000e-03
7.507324218750000000e-03
7.629394531250000000e-03
7.537841796875000000e-03
7.415771484375000000e-03
7.324218750000000000e-03
7.202148437500000000e-03
7.110595703125000000e-03
6.958007812500000000e-03
6.774902343750000000e-03
6.591796875000000000e-03
6.378173828125000000e-03
6.347656250000000000e-03
5.981445312500000000e-03
5.920410156250000000e-03
5.584716796875000000e-03
5.432128906250000000e-03
5.126953125000000000e-03
5.096435546875000000e-03
4.608154296875000000e-03
4.638671875000000000e-03
4.180908203125000000e-03
4.089355468750000000e-03
3.845214843750000000e-03
3.601074218750000000e-03
3.448486328125000000e-03
